-2.731634 0.266952 -2.486898 -2.381224 0.411284 0.165178
0.108610 -0.165686 -1.805145 -0.132149 1.825831 2.270933
-0.230882 -0.086156 2.226175 -1.520188 1.861821 1.926226
-0.622895 -0.206759 -0.921777 2.647678 -2.985195 -2.465153
-1.306891 -0.323974 1.399807 0.773246 -2.887933 1.420733
-2.491673 0.330519 -0.263057 1.434380 -0.537453 -1.822583
3.068043 -0.370129 -2.314745 -2.419463 0.873174 -0.432034
1.150282 0.438668 0.138736 0.618112 -1.977704 -2.472535
-0.395312 0.192461 1.838500 0.691323 0.319870 -1.973776
-1.380445 0.256092 1.511388 1.026816 3.023088 0.396669
-0.095578 -0.249311 2.036820 0.291222 -2.615689 -2.140784
-0.130644 0.470485 1.405003 2.692030 3.077958 -1.755455
0.188711 0.445200 1.702586 -2.904545 2.709242 -1.928188
-2.952524 0.519176 1.726474 0.748707 -2.084071 0.777780
-1.491439 -0.440904 -0.002304 2.644571 1.262144 2.830185
0.665464 -0.547476 -2.469227 -0.371226 -0.245290 2.758369
2.633644 -0.574494 -1.804295 0.610894 2.840754 0.055444
-3.081677 0.051078 0.179415 -2.330574 -1.323819 -0.138797
1.723690 0.304406 -0.344657 -1.419789 -0.355108 0.014828
-1.752023 -0.367919 -1.660834 1.010020 2.878567 -2.562058
1.994188 0.396529 -1.798669 0.028887 1.779329 1.240082
-0.673769 0.524177 1.017149 -1.609755 0.828062 -0.159137
1.242797 -0.316053 -0.573400 3.069950 -1.834467 3.042460
2.034798 0.567410 -0.093178 -0.253014 2.245917 -2.854408
0.095980 -0.181536 -0.828314 2.778009 2.729261 1.203056
0.731693 0.045212 -0.097130 0.289045 -1.928899 0.704772
-2.322078 -0.063385 0.874372 -2.570294 -3.035360 -2.175352
2.128661 -0.554929 -0.443108 1.186097 -1.531809 0.547393
-1.776087 0.166977 -1.043588 -3.095643 2.975760 -1.180987
-2.332133 -0.335077 -2.056411 -2.913213 -0.222132 3.012380
-2.536507 0.410258 -1.208446 3.112849 0.189501 -1.214020
2.786679 -0.359833 0.178198 0.414895 -0.488540 -1.548751
-2.369945 0.440721 1.614299 2.536779 -2.845405 2.224119
-2.712360 -0.036860 1.463750 2.913501 1.357358 1.816678
2.706550 -0.551525 2.462795 0.481565 1.610799 0.961608
2.074471 -0.534335 2.407286 -0.729186 -1.898798 3.037745
-0.679706 -0.165403 1.968436 -2.353368 2.865973 -0.799576
-1.516631 0.064577 2.437820 -0.706286 2.767277 -2.101439
-0.488600 -0.364350 0.331918 -1.678155 0.169616 -1.361962
0.454345 -0.174874 -1.640135 1.946106 1.756887 -2.156785
1.555495 -0.533887 0.899194 0.199057 -0.398627 -1.100184
0.952654 0.538294 2.291135 -1.580895 -1.208321 -1.927991
1.162380 -0.264740 0.167488 -0.160740 -1.860447 0.186076
2.046353 -0.406966 1.678791 -1.657685 1.689489 -0.403150
-1.075291 -0.568305 0.790167 1.207487 -0.654653 1.110271
-2.313047 -0.295673 -0.796027 1.530165 -1.817129 0.322812
0.869212 0.323202 -0.143386 -0.127180 2.649188 -1.751384
0.843737 -0.524261 -0.708942 0.214985 3.002026 -2.212005
-2.094506 -0.030979 -0.834343 -0.641924 0.077557 -1.681109
0.161372 0.512005 -0.522656 -0.265807 -1.455150 1.891024
-2.980712 -0.398022 2.098612 2.410815 -1.404977 -1.676731
-0.838112 0.406020 1.775537 -2.866446 3.078563 1.777562
-2.511984 -0.284983 0.799550 0.764531 2.837173 2.746831
1.689107 0.437154 -2.089193 1.628792 -2.084067 2.833871
-2.724373 0.302103 1.554212 -1.162321 2.362222 -1.925645
0.566110 0.143516 -0.665765 -2.998681 -2.420064 -2.701984
-0.153506 -0.224226 2.145172 -1.506614 -0.421433 1.280768
2.634907 0.019163 2.143405 -0.056199 -0.763890 -2.387096
-1.816455 0.080869 -1.599596 -0.846629 2.510167 -1.422794
1.556899 -0.087036 1.176000 1.788478 2.612350 -2.146773
0.058766 0.209302 0.288365 1.065856 1.646223 1.390416
-0.529106 0.243834 -0.760214 0.306812 1.357249 -1.189265
-2.656415 -0.488466 1.367942 2.919580 0.214766 -1.182132
1.811554 -0.567085 2.131575 -2.933575 2.253001 -2.261952
0.807176 -0.436604 1.164707 0.771779 -0.540329 0.399254
1.773841 0.550391 1.515791 1.503681 -1.479310 0.798325
-2.238752 -0.264381 -2.063793 -1.145735 -2.362378 2.198425
1.183125 0.174298 -1.791679 -1.452355 -1.814402 1.386481
0.882945 -0.055449 -0.714479 -0.568009 1.419853 0.263168
1.339238 -0.388114 -2.462620 0.589201 -0.452019 -0.086792
-2.034662 0.452793 -1.075281 1.626304 -0.242263 -1.857119
1.502332 -0.003418 -0.016831 -0.149465 -2.317592 2.378373
2.059135 -0.010779 -2.210121 0.452732 0.290961 2.132775
-1.927161 -0.421256 0.907426 2.075140 2.074331 -1.013435
1.399110 -0.488878 0.115613 2.712193 0.635992 -2.687924
-0.878517 0.421918 -1.319471 0.794329 1.247076 -0.794178
-1.379289 -0.082307 -1.062203 -1.315239 -1.007119 -2.543597
1.592015 0.480293 -2.157904 -2.396528 -1.736543 -1.021824
2.281222 -0.393540 -0.216666 2.871327 0.549850 1.605493
2.687923 -0.420762 0.098676 -0.081451 -2.171539 0.639976
2.696333 0.081716 1.247038 0.015457 -2.460384 1.912329
-1.757552 -0.366044 1.869286 -0.702136 1.363976 -0.464476
-2.254933 -0.159524 1.280871 2.121332 -2.738353 -2.483124
-3.132326 -0.328711 -1.474844 -1.874182 -2.919421 -2.385089
-2.197129 0.159016 2.233828 0.041121 2.028623 0.834127
-1.417175 0.450485 -1.983135 -2.065214 0.020458 -2.883274
-1.706348 -0.008368 1.373451 2.922150 0.295596 -0.896746
-2.643638 0.167901 -0.614960 -0.864135 -1.745454 -3.101827
1.853431 -0.126694 2.016573 -0.044952 -1.458270 -1.940301
-2.125439 0.199386 -0.561664 3.009742 0.158067 -3.113380
-3.014510 0.410678 -0.010196 0.885345 -2.992069 1.340792
2.133933 0.405977 -1.465382 1.408716 2.362245 1.941393
0.497791 -0.034313 0.492414 -0.777056 -1.429860 1.160201
2.922987 0.524988 1.983591 -3.032405 0.691811 -0.364930
-0.060184 -0.258724 1.644051 -0.359413 0.567983 2.266805
0.818184 0.050793 -2.113111 3.050703 -0.020867 2.709518
-1.121805 -0.326985 1.221191 2.347750 -1.904904 0.896280
1.538405 0.547895 -1.660313 0.945460 2.243183 2.933079
-2.632787 0.404292 -1.529392 -2.931817 -0.651806 0.822179
-0.544209 -0.136391 -1.701960 0.874837 -0.143999 2.585814
0.815758 -0.553151 2.272714 0.799598 2.068236 -3.046614
-0.214018 -0.278321 -0.406226 2.589789 1.893907 -2.919303
-0.353917 0.157181 0.191103 -1.198212 -0.665994 -1.035930
0.086070 -0.051292 -1.628107 1.112425 -0.330770 2.251884
1.109617 -0.151946 -2.180397 2.258281 2.532843 -0.306216
-2.404747 0.011344 2.336863 2.562529 0.605778 0.595175
-0.862665 -0.481264 -0.792218 -1.051752 1.776523 0.603963
-2.853846 -0.407566 -1.746314 -3.065031 -2.773673 -2.244931
-1.577588 -0.213516 -1.699306 1.280177 1.158777 0.937093
-1.453535 0.133960 0.642632 -2.209523 0.420439 2.730602
0.295770 0.247396 1.476602 -1.296643 1.988684 -1.599018
-0.864536 -0.250765 -2.389546 -2.213657 -2.300808 -2.524701
1.692049 0.563514 -1.296232 -0.768651 -1.854298 -2.217356
-0.246518 0.155145 -0.866667 -1.360534 0.667642 2.608370
3.062727 0.231696 -2.061367 -2.367674 -2.533604 -1.578471
1.899786 -0.104888 1.674667 1.243060 -1.402601 0.215716
0.195102 0.118733 1.708171 0.031103 -2.558168 -1.662722
1.192012 0.372036 1.016142 -0.757207 -2.015792 -1.881646
3.033300 0.482438 -1.309747 -1.198930 1.276338 1.242060
2.780401 -0.041891 -1.697878 -1.738411 2.699671 -0.872731
2.373294 -0.424610 -0.331952 0.407710 -0.848103 -2.540004
1.503457 0.113764 2.126555 2.017297 -2.465909 0.408393
0.868145 -0.482600 -0.825053 0.576820 -2.929424 -2.161068
0.605951 -0.287115 1.800375 1.798123 -1.645835 1.100525
1.150530 0.074727 0.649729 -2.086504 -2.552565 3.055630
1.976606 -0.074386 -0.787429 0.201909 -1.489998 -0.863198
1.296186 -0.492018 2.506275 0.321299 -1.426903 0.497368
-0.675964 -0.014730 -0.327531 1.443271 -1.623252 -0.708494
-0.616029 -0.102241 0.501365 -2.877801 2.613404 -1.244810
0.484916 -0.160901 -1.388118 2.252506 2.185015 -1.476799
-2.945833 0.019397 -1.485491 -2.411626 -2.255884 0.519053
2.432332 0.275032 0.756661 1.883956 1.423635 1.556565
1.220598 0.377551 1.795734 0.594037 3.043035 1.652176
1.131562 0.353169 -2.441005 0.159528 -1.125164 0.883618
-2.059351 -0.107619 -1.929663 -1.527578 -1.542485 1.002901
-0.187629 -0.124048 1.883095 -2.279723 -2.391661 0.862265
-2.024597 -0.260123 -1.969194 -2.068374 -2.429886 -0.005591
2.576750 0.458994 -1.727502 2.495728 -2.708820 -2.682337
1.214473 -0.303945 1.940882 -1.571989 0.223847 2.172270
-2.447818 0.217934 2.245863 -0.938202 -2.084557 2.872488
0.480717 -0.148075 0.204338 -0.493658 2.313816 0.560107
0.417467 -0.015600 2.040858 -2.188788 1.086983 -0.506045
2.468057 0.547850 0.550449 -1.513629 -1.015568 -1.770865
2.529363 0.489986 1.966691 -1.037509 -2.116278 -1.998548
0.688613 -0.548765 0.425918 2.506658 -2.660485 -3.025251
2.327590 -0.261670 1.912826 2.467146 -2.479757 1.090352
-1.488674 -0.159871 -1.687102 2.515573 1.941340 -0.432521
-0.134743 0.455239 1.007956 -1.595903 -1.265364 2.817516
-0.683548 0.288477 0.010097 0.953007 2.765246 3.070584
-0.967687 -0.171221 1.062531 2.805441 -1.879889 -2.543378
-3.074667 -0.548961 1.792127 0.368562 -0.343445 2.587640
2.522105 -0.106540 1.791811 0.831068 -0.608773 -2.561262
-1.201583 -0.236666 2.002502 -1.376200 -0.908709 -2.273090
2.829181 -0.045849 -0.748910 -2.123963 -0.558648 3.109933
-0.447836 -0.476379 2.015240 0.037987 -1.010689 -2.429466
-1.658534 0.422230 -0.638421 -1.863972 -1.830989 -1.599019
3.081214 -0.089691 0.582800 -0.468739 -2.629613 -2.510459
-1.724780 -0.059056 -1.217914 1.889426 -2.127209 0.457021
-2.657216 0.140737 -0.236325 -2.993563 -2.793436 0.898460
-1.208235 -0.425444 -1.808773 -0.907326 -2.296090 2.636605
2.604385 -0.390498 1.094315 0.770519 -0.826689 -3.139719
2.550674 0.484207 0.128022 -0.920796 1.384819 2.149582
-1.803342 0.455929 0.011569 1.398197 0.401267 0.538177
2.088168 0.412290 2.005756 -0.761060 -2.585481 1.086313
-0.454813 0.177312 0.762927 0.286977 0.732186 0.958787
2.572354 0.531172 2.042673 2.637523 -0.530998 0.517856
1.351986 -0.404987 -1.967106 -3.132243 -1.484728 -1.246401
1.775111 -0.471676 1.552484 3.034802 -1.233996 0.746386
2.951497 -0.558780 -0.850806 2.603223 1.363474 0.357900
-1.895369 -0.566492 0.310772 -2.925377 0.103027 0.848742
-1.865224 -0.367536 0.287851 -0.938586 2.646459 -0.726857
-2.982081 0.182445 -2.278527 -3.044086 1.805926 -1.766265
0.158540 0.569118 2.140476 1.455033 0.650311 0.086717
-1.442112 -0.278918 0.568269 -2.566360 1.505318 -3.001921
3.067637 -0.351561 -0.549994 0.840321 -0.330931 -0.947521
1.716595 -0.193834 1.528402 -0.366395 -2.249899 -3.077306
2.349072 0.284066 -2.264402 2.744058 -2.774877 1.683404
-1.137064 -0.401323 0.100670 2.573659 0.594314 -0.541118
1.115339 0.084853 -1.519708 -1.587966 -1.340868 -2.618011
0.185087 -0.410073 1.673164 1.982421 2.061334 -3.116543
0.381274 -0.516291 1.473038 -0.220600 0.854506 0.257705
-0.427732 -0.359750 1.784638 3.097265 -0.008267 -2.363643
-0.634018 0.257106 -1.873404 1.752712 -1.759758 -1.707965
1.149687 0.113899 0.798101 -1.196697 2.789942 -1.003889
-2.117489 -0.504232 0.366347 -2.039895 2.411101 1.273969
-1.159874 0.426301 2.452423 -1.925378 1.475108 -0.843870
-2.559920 -0.177299 -0.318724 -3.004468 0.721715 -0.483317
-1.721641 -0.511236 0.041245 0.128676 -2.737659 -0.799474
-2.329280 -0.195509 1.217777 -0.988648 0.444302 0.814863
-0.531739 -0.482113 2.055598 -2.381581 -2.470681 -2.266287
2.206541 0.237261 0.002510 -2.697386 2.459246 0.744055
-2.258485 0.459148 -1.036187 2.201169 -0.667067 -1.931360
2.010040 -0.204768 -2.096837 2.560348 -2.630800 2.953103
-0.652820 0.050989 -0.083809 -0.979871 1.229005 -1.724701
-1.818239 -0.050939 -1.507505 0.313417 -1.049532 2.849635
2.032807 0.042385 2.414015 -0.648432 1.609589 -1.925683
-2.282806 -0.460088 1.327786 -1.032842 -0.711251 -2.992738
-1.639939 -0.327003 0.794452 -0.372716 -2.070828 -0.645106
1.279601 0.461522 -2.134699 3.000425 -2.063506 3.135871
1.352723 -0.537451 -0.766875 -2.873049 -0.444980 2.382075
1.311277 0.318876 -0.870477 -0.073119 -1.222998 -0.876261
2.707897 0.270324 2.156230 2.965034 -3.043030 1.504521
-1.187026 -0.453369 -0.984266 0.082763 -0.211405 -1.873121
-1.906681 -0.215489 1.830824 -1.507746 1.455649 1.111804
2.774334 -0.112219 1.268093 -1.155221 1.513164 2.420651
0.750606 -0.028609 0.931580 0.606974 -2.357079 1.624445
-0.323604 -0.500431 -1.034097 -1.744065 2.032728 2.498736
0.601238 -0.140801 2.257422 1.437700 1.145785 2.463064
-2.735031 -0.258344 2.211336 0.134068 -2.373233 0.935749
0.172274 0.295173 1.500185 -0.454333 2.980476 2.880596
2.768604 -0.412045 1.727839 2.447155 2.276879 0.068987
1.091732 -0.372576 2.496816 1.120469 0.996088 -2.272566
-1.130467 -0.051158 -0.095646 2.489591 -0.481328 -2.473190
1.446495 0.536726 -2.241668 -0.392439 -2.880349 -1.705399
-2.154155 -0.545352 -2.251534 -1.280035 -2.288633 -1.958603
0.496029 0.168930 -1.969476 1.130809 1.486623 -1.323340
1.494737 0.057335 -1.886714 0.540996 2.746003 -0.113749
-1.863585 -0.167943 1.133652 1.094002 1.865607 1.691063
1.868791 -0.075905 -1.823390 2.115923 -2.152323 0.759137
-1.646332 0.378696 0.580698 0.094165 0.560423 -2.291754
2.250052 0.156970 1.045211 1.761826 -1.082476 2.039452
-0.453967 0.114007 1.109770 0.231186 -0.206764 2.112895
0.352530 0.330363 0.633459 0.626804 -0.515986 -1.618600
0.607607 -0.246611 0.984731 -1.949566 -1.536355 1.650191
1.857113 0.284716 0.184758 -0.818665 1.184544 -2.868347
-0.708860 0.005579 -2.095761 -0.525433 -3.053349 1.162992
2.338962 0.201706 -1.696598 2.197572 -2.662801 -2.972424
2.075942 -0.354582 1.827991 2.292296 -0.802694 2.120603
0.721963 0.118389 -0.399175 -1.729183 3.055372 2.825579
2.753992 0.204630 0.777423 -1.396460 -2.591366 -1.834374
1.471205 0.543275 1.385986 -2.286016 -0.572805 0.551086
0.351835 0.536571 0.002291 -2.441633 -1.087460 1.526029
-0.789632 0.502323 -0.309598 -0.595623 2.237813 2.143497
-2.982283 -0.504528 1.940971 -1.194430 -0.065738 -1.322773
3.050682 -0.167936 -1.241142 -1.583336 -0.413196 -2.353376
0.028287 0.054840 0.846766 -0.131909 1.755123 -1.441175
1.440478 0.054174 0.490571 1.844126 1.379556 -0.129739
1.152239 0.477547 1.011047 -1.946067 -0.413354 1.447894
0.944118 0.419794 0.787238 1.690805 3.069350 -0.635750
1.973538 0.348179 2.468389 1.212635 1.262801 -2.035151
-1.332877 0.188987 -2.390441 2.718470 0.407704 2.458512
1.059433 0.478519 -0.093374 2.513898 1.153153 -2.781565
-2.918936 -0.319817 -0.586048 -2.887564 2.158881 -0.856946
1.952991 0.410614 1.051592 -2.795714 -2.692356 -0.973970
-2.582298 -0.418996 -1.276966 0.272775 0.943893 -1.655225
0.553200 -0.015749 1.592207 2.272923 1.874935 -2.302160
0.066366 0.272120 1.548512 1.684666 -2.472230 -0.776143
1.740443 -0.077059 -2.136836 2.098292 -2.279995 -1.235030
-2.947649 -0.530713 1.709980 -2.958430 2.240194 2.398533
-1.892069 0.537217 -2.417974 -1.179371 0.937887 0.500866
3.101390 -0.360112 1.131484 -0.053587 -1.899755 -1.843037
-2.739025 0.406224 0.592428 -1.495491 -0.736652 2.508551
-0.774254 0.204365 -1.739852 0.296267 -0.043113 2.247963
1.845030 -0.127485 2.211964 0.150668 2.012583 1.795152
0.598532 -0.566725 1.772778 1.922516 -2.890556 1.947907
-1.599788 -0.379344 -2.473065 1.266952 1.226134 -1.275985
0.255761 -0.564775 -2.176195 -2.014025 -2.922390 0.760012
0.830883 -0.391894 -1.449690 2.100698 2.712467 0.874315
-0.247176 -0.401072 0.521220 -1.916583 -1.346797 0.932856
2.577475 0.323093 -0.749394 -0.561558 -1.943046 -2.627412
1.064773 -0.472757 1.060569 -2.496354 -0.189350 0.441748
0.331597 0.198960 1.317586 -0.420721 2.838346 1.802267
-1.954798 0.130336 1.955809 1.588791 -0.492212 1.707479
1.301754 0.342140 -1.334683 2.748615 2.912509 0.483288
2.239571 -0.504040 -1.986342 -2.115894 -1.725707 0.155658
-0.510797 0.493151 2.344691 1.171224 -0.766918 2.659454
1.610615 -0.189651 2.034540 -1.706898 -1.066208 1.886351
-0.336824 -0.147026 1.350789 2.536413 -1.059404 2.142681
2.069123 -0.040475 1.822977 2.531118 2.120207 2.407276
-0.987264 0.319934 -1.669833 -0.369930 -3.050939 2.366111
0.585258 -0.357319 2.304040 -1.034304 -3.041474 -0.738956
-0.659346 0.529173 0.486871 1.222034 -1.758232 -0.084271
0.747087 -0.558310 2.148255 -0.845271 2.228198 2.930079
0.643622 0.325442 -0.735076 -1.035373 1.754998 -0.677177
1.620198 -0.484858 -0.866950 0.812811 0.443234 1.039679
-3.084020 -0.239828 0.838135 -1.096855 0.252932 -1.755036
-1.250946 0.441600 2.248860 -2.144156 -2.815558 0.536930
-0.687018 -0.380449 -1.055332 1.645027 -0.548626 -3.087838
2.971884 0.532204 -0.243865 0.372404 -3.137384 -0.370726
1.600458 -0.023814 2.139025 -0.536603 2.367001 -0.103145
2.846107 -0.161613 -1.391898 0.223289 0.639930 2.799620
0.319164 0.276907 2.447052 -0.405060 -0.273471 1.729152
-1.401365 0.087265 0.181086 1.428154 1.418434 0.225834
-1.854797 0.459811 -1.751920 2.882766 -1.208579 2.365652
-2.806160 0.498705 -1.956112 1.992526 2.613898 -0.700917
-1.336871 0.180402 -2.453139 -0.187824 -0.333875 -0.522328
2.939442 0.192775 1.472407 1.732465 0.412623 -2.423870
0.688736 0.047493 -0.258836 -0.032480 1.406681 -3.029103
-1.792921 0.315032 1.075484 -0.746521 -2.853081 -1.579011
1.142918 -0.257194 0.840227 -2.980040 0.822686 2.166178
-2.797963 -0.149983 -1.645910 1.944665 0.559138 -2.697010
-1.425832 0.535581 -1.408433 2.056965 2.254440 -2.271725
-2.783875 0.055980 1.888933 1.959221 2.728736 1.839528
0.535114 0.130567 1.747690 -0.495282 -2.014666 0.359810
-1.545822 0.495490 1.921047 3.054668 2.808716 -1.318878
-2.445309 0.005053 -0.591871 1.288532 2.694856 0.530295
2.140732 0.079418 -0.184999 2.964261 1.486071 3.080562
-2.249742 -0.389505 0.612024 -2.603523 -0.105643 -0.926131
1.950847 -0.175209 -0.321355 -1.217044 0.571539 0.190387
1.554183 0.544180 1.493412 1.769946 2.098219 -0.480984
2.980218 -0.524384 -0.788448 3.017405 2.668192 2.864438
1.739432 0.338855 -2.089814 0.096876 0.907802 2.290329
-1.066985 -0.380197 2.498250 -1.609272 -0.277474 -0.763444
-0.862150 0.129201 2.063701 -1.679846 2.658383 -0.968569
0.701173 0.189468 -1.582102 -0.042839 -1.805414 -0.402801
-2.194042 -0.110247 1.951949 -1.407643 1.700550 -2.074980
-0.493715 0.328910 1.244968 0.913207 -3.051304 -0.581134
0.418422 0.482844 1.743941 -1.187820 -3.025951 1.711469
-1.669439 0.248340 1.939478 2.205781 -0.346557 2.322008
-1.814859 0.201204 2.331212 2.022337 1.832261 -0.476553
0.988356 0.090967 1.019763 -2.314618 0.471978 0.067514
-0.332106 0.157290 0.809727 -1.835970 -1.369134 1.352826
1.376316 -0.201499 1.349878 -2.801775 1.348618 -0.489551
-0.447973 -0.353832 1.271435 1.205694 -1.623156 1.207212
-0.304013 -0.169993 -0.667539 0.267397 1.231734 -0.298470
2.349605 0.068374 1.298847 -1.195133 0.259355 -0.055494
-2.970515 0.114617 0.778577 -2.716137 2.291600 -0.455387
3.072323 -0.471802 1.204592 -0.488929 -1.403916 -1.596564
-1.683427 -0.018120 -2.106492 -0.284917 1.473490 0.852773
-2.792753 -0.278483 2.244799 -0.046455 1.734023 -1.224841
0.789540 0.036721 1.882785 -0.968608 -2.654947 -0.451195
1.606578 0.000148 -1.801622 2.224328 1.542940 -1.498961
0.611283 0.557456 1.150219 1.280473 2.241676 1.963595
-2.968553 -0.457564 -0.890912 1.236251 -0.645796 -0.020057
-2.047795 0.481291 -0.059129 2.627021 1.131451 3.120600
-1.074860 -0.144430 -0.966164 -1.970929 -1.591330 2.323683
0.924834 -0.199501 2.136959 -1.921047 -0.807897 1.592910
-0.775661 -0.050178 0.280376 -1.115799 2.041859 -0.157332
-2.943854 0.535270 -2.296805 2.857333 -2.233654 0.601566
0.225771 -0.294812 -2.341789 1.875461 1.733475 2.702571
-2.481824 0.463085 0.074406 -2.732678 0.679457 0.832841
-0.974997 -0.087668 -1.567940 -1.038854 3.089047 -2.799773
2.500227 -0.551760 -0.440927 0.084090 1.057418 2.739847
2.793989 0.042623 1.951499 0.988323 2.437855 -2.010502
1.416702 -0.376783 -1.467946 2.667782 -0.094955 0.139533
2.854682 0.264179 -1.253753 -0.591354 -3.138289 2.619795
1.498838 -0.339689 -0.272055 -0.452492 -2.534266 1.094767
2.732995 -0.241030 1.004084 3.124661 -0.773032 -2.613049
-2.584729 0.352013 -0.359539 2.318928 2.606704 2.199172
-2.555896 -0.347105 -0.823823 -1.108441 -0.364537 -0.074853
0.105750 -0.238423 0.507462 1.267831 0.622879 -3.126345
-0.974605 -0.186999 1.790789 -0.458863 2.195486 -1.688901
-0.444585 0.088886 -0.879312 -1.597494 0.687793 2.899571
2.337540 0.382398 0.035235 1.658773 -2.049504 -0.649580
2.525534 0.167701 -0.294354 -1.565394 0.782964 1.182906
1.097911 -0.499759 -0.515032 1.093781 2.195972 -0.813945
-0.734097 0.118450 -1.449781 -2.165618 0.155605 1.794527
1.599888 -0.235962 -2.083193 1.812425 1.090356 -1.281472
-2.792123 -0.102338 -0.142008 3.042200 2.963496 -1.656666
0.158296 -0.090438 -0.596814 1.414829 2.751953 -0.269641
2.533238 0.543857 1.711387 0.366899 -1.044546 2.423823
2.230091 0.528761 -2.155717 -0.987339 -0.402456 1.771741
-2.748034 -0.047601 0.098903 0.913331 -2.469033 -2.406371
-1.248531 -0.037540 2.183588 0.161509 1.364342 -0.503721
-2.316530 0.190224 0.163215 1.020427 -0.537975 1.269491
-1.159788 0.558663 1.787651 2.782466 -0.654808 -1.971940
-3.040818 0.448730 1.231191 1.917107 -1.079609 0.825670
2.642292 -0.242974 -1.150114 -0.386393 2.999660 0.175602
1.538554 0.242926 1.345994 -1.919038 -0.443197 0.958100
1.908335 -0.409499 1.843265 -0.753455 2.102951 -2.086241
0.791179 0.070280 1.203181 0.359500 2.894904 -2.281234
1.286248 0.564872 1.854387 -2.560945 0.842425 2.707019
1.088906 0.548076 2.377233 -0.631681 0.267971 -2.177921
-0.080309 -0.516082 -0.434320 -2.280590 -2.793028 -1.967463
-1.469782 0.550360 -1.801766 -1.324555 -2.860537 0.684474
-0.099570 0.565362 -1.985047 2.960642 -3.109245 -1.381059
-1.337662 -0.276227 1.639164 1.349170 -0.402485 -0.024294
-1.658649 -0.482405 0.891501 -1.536816 -1.722469 -0.376125
2.391923 0.311282 1.122633 1.660897 0.654657 1.849407
1.301893 -0.230896 0.826872 1.280531 2.702049 -1.359116
0.671362 0.557640 -1.888940 1.919564 0.139908 -0.242322
2.871638 0.174485 -1.235214 2.381816 2.634433 -0.428212
-0.084779 -0.429605 1.724097 2.632569 0.697844 2.249121
-0.375830 -0.156344 2.451624 -1.814694 -1.201482 -1.505634
-0.348226 0.198595 1.023053 0.966184 0.911303 -0.833107
-2.118074 -0.469311 -2.450088 -2.141523 1.374608 -2.931952
0.403138 -0.208885 1.367263 0.825497 1.116256 2.803899
1.275242 0.121696 -1.049833 -1.353663 -1.688003 3.124329
-1.722737 0.377326 -1.027055 0.642220 3.052262 -2.746663
1.751351 0.153286 -2.484433 -1.448678 2.425272 0.366968
-1.529446 0.419714 -0.531824 2.272979 -1.752027 2.560783
0.951450 0.282667 -1.085616 0.888272 2.565825 -1.359451
-2.557945 -0.311556 0.871910 -1.005311 1.076594 0.320456
-0.005304 0.254297 -1.645665 -1.277668 2.633706 2.654389
0.467761 0.263792 -1.752122 -1.020561 0.131410 -0.963234
1.790536 0.358840 0.435293 1.661889 1.568439 -1.770347
2.108416 0.208712 -0.899311 -0.374622 -0.612845 -2.933859
0.456987 -0.296113 -1.697487 0.784044 0.698431 -3.013729
1.495558 -0.561986 0.700110 -1.644464 1.698095 -2.085140
1.026189 -0.043142 0.669811 0.666334 0.557524 -0.756494
2.594085 -0.182731 2.042461 1.822913 -0.589091 -1.886689
0.409799 -0.055103 0.368834 -2.437952 1.535421 2.840980
-0.140192 0.539412 0.664665 -1.407006 -0.537292 0.140460
0.516362 -0.538063 -1.448320 -1.708618 2.337252 -0.354289
2.998514 -0.498053 -1.879679 0.100183 -0.768369 -2.367441
1.728804 0.330280 2.507646 -2.253480 -2.412970 -0.205837
-1.607756 0.325530 1.477167 0.766532 -1.524275 -0.426799
-0.214491 -0.536404 0.012601 -2.545116 -3.058801 -0.185038
1.448244 0.327467 -1.067238 2.304382 1.428013 1.966219
0.844329 -0.531735 -0.032677 -1.555506 0.241336 0.035607
2.968723 0.556194 2.092691 -2.472803 1.857136 2.364844
2.507735 -0.403374 -0.959298 -2.510837 -0.317250 -1.388537
-1.612551 -0.039944 -2.334551 -0.596607 -0.661801 -0.161624
-0.798204 -0.040182 2.284072 0.130956 2.946599 0.877841
1.547643 -0.437669 0.681559 -2.250826 -2.523804 0.464276
-1.893648 -0.214015 1.619750 -0.542641 -0.738053 -1.566134
-2.531496 0.439558 -2.478463 2.568590 2.191779 1.473603
0.109464 0.070092 2.017775 -1.883319 1.511647 2.889233
1.344503 0.507799 2.299571 -1.430981 0.041220 -0.516661
2.049508 0.013608 2.211423 -2.969743 -1.324015 2.899717
-1.622082 0.374031 0.407715 0.515562 0.089068 1.878742
2.906937 0.077716 -0.721140 1.995355 -2.196247 -2.827168
-0.076385 0.034700 0.453856 0.813672 -0.207847 2.896228
1.777079 0.081663 -1.242778 -0.289595 -2.919587 -2.627149
2.349633 0.494638 -1.147597 1.398516 -1.097656 -1.102853
-1.267622 -0.002890 0.812354 -0.965752 2.369451 3.028133
1.750764 0.527140 0.996903 1.657873 2.871291 -2.774003
-0.361754 0.380751 -0.013729 0.648575 2.555039 -0.376028
-2.913270 0.232249 -1.718164 2.102871 0.190846 -0.187083
-1.785798 0.261752 1.009301 -0.865061 2.664705 -1.425251
0.500946 -0.019262 -2.037134 0.684483 -0.482571 -2.815725
-1.716992 -0.415412 -1.049732 0.606801 -0.074718 2.107376
-2.141957 -0.330564 0.741355 -2.278327 -0.242677 -3.046215
1.537121 0.015079 1.688510 1.324896 -0.121862 2.335761
-2.631448 -0.323870 0.518588 2.950411 0.385053 1.176665
1.166079 -0.361578 0.297638 -2.007953 -0.231607 -1.804423
1.620929 -0.329249 -0.231588 -3.048528 0.691101 -2.107884
1.149517 0.025846 0.733237 2.905331 0.190650 -2.071809
0.427445 -0.370523 1.549368 0.615217 1.484295 -0.001343
1.277395 -0.444405 0.960331 2.604151 -1.206074 -2.769309
1.536896 -0.144843 1.210152 -1.734615 0.585263 2.724412
0.482483 0.472230 1.275590 -3.095761 0.772766 -1.401782
-0.408900 -0.038460 2.225821 -1.191512 2.064865 2.981679
-2.144250 0.068414 -0.200542 -0.900690 -2.452500 -3.009060
2.591068 -0.333745 -2.152148 1.803898 -2.265594 -0.224136
2.108247 -0.366425 0.741573 2.831410 -0.628419 1.840995
-3.024878 0.009628 -1.525346 1.808722 -2.565073 0.430654
-1.043835 0.535666 0.979159 -2.348986 0.643155 -0.234116
-2.548524 0.015923 0.590111 3.085743 1.641047 -1.992934
-0.179594 -0.047220 0.189700 -1.913176 0.728172 1.762430
-2.038722 -0.294083 0.109170 0.108381 -2.659468 -2.231351
0.035050 0.061906 -1.722937 -3.090911 -0.127549 -1.030935
-1.244802 0.254250 2.077785 -1.366236 0.689690 -2.198081
0.161386 0.024893 -2.109410 -1.976409 2.889485 -3.029354
-2.122512 0.528163 0.067800 0.590124 1.603897 -2.749249
1.298458 0.405175 2.422463 -1.098046 1.492481 -1.312905
1.340028 0.401448 -0.323362 -0.096443 1.301099 1.557071
0.599410 -0.069268 -0.453509 2.638173 -2.888961 -2.788744
2.127453 -0.466197 1.594487 -2.099946 -0.967848 -0.080975
-0.123812 0.529612 1.784941 0.126805 -1.035823 0.652094
-0.356669 0.436764 2.063599 0.283925 -0.856187 -2.565507
-2.295169 -0.145440 -0.194997 -2.284096 -2.095956 -0.087803
1.033291 -0.394138 -1.106556 -0.165394 3.113342 -0.539540
1.176406 -0.346497 0.346127 0.831013 -1.337489 2.383425
-1.206412 -0.156230 -0.378999 -2.953075 1.595871 -2.649382
0.789488 0.212225 1.414299 1.742576 1.617663 0.025673
2.294932 -0.445059 -1.829888 -1.233133 -2.266157 -2.907339
-1.787252 0.158904 -0.826859 2.383739 -0.603293 2.478889
2.653859 0.274597 0.770464 3.038131 -1.980993 0.594030
-2.388991 -0.134977 0.614871 -2.134139 2.813489 1.360533
-1.159408 -0.061524 2.345670 -2.799574 -0.856306 -0.597341
-0.166277 -0.495219 0.509937 -3.040240 -2.405110 -0.066436
-0.591122 0.527616 1.113790 -0.767903 2.541671 -2.863891
-0.383732 0.268687 1.849362 3.028751 -3.110533 1.950440
-1.991309 -0.366195 0.350615 -0.562638 -2.598209 2.519175
2.147982 0.288221 1.639830 -2.824616 2.109491 -2.520878
1.686937 0.228605 0.332962 1.518434 -1.133588 -1.339503
-1.635255 -0.338278 -0.890353 0.096937 -2.792061 -2.177065
1.899665 -0.290579 1.368649 2.108287 -0.608872 1.488639
-1.982236 -0.301235 1.444241 1.648115 1.857878 -0.501868
-1.613878 -0.249777 -0.532872 -1.385857 0.647772 1.087098
2.586544 -0.422451 0.546819 1.413081 -0.048859 -1.995555
-1.248399 0.057311 -1.240299 -0.721052 0.098316 -2.499621
-2.153517 0.207277 2.212617 0.584559 2.119849 2.777607
-0.312145 0.202939 -1.717650 -2.034119 -1.344671 0.055919
0.279602 0.316768 1.020421 0.078330 1.615979 -0.392143
-2.121336 0.441960 1.129858 -0.582416 2.705485 2.046919
0.071819 -0.170902 0.345671 -1.170487 1.293933 -2.690511
-1.026328 -0.437184 1.262988 -0.754265 -2.828484 -2.521294
-1.895686 -0.507684 1.178655 -2.648420 -2.772843 -3.085481
1.635512 0.336505 1.747667 1.736928 -1.936205 0.530754
2.333016 -0.430658 2.418392 1.763697 0.338806 -1.993638
-1.138711 -0.531994 0.481759 0.488191 2.503799 -2.859967
-2.762316 0.020625 -2.438762 0.422607 2.251197 -2.391739
2.883141 -0.503148 0.134534 -1.929926 -2.114854 2.192585
1.746442 -0.546168 -2.099886 1.644654 0.074404 -2.678133
-1.494025 0.075331 -0.223599 1.254289 -0.279998 0.004331
0.603890 -0.541971 -1.075206 -2.175595 1.196163 -1.872810
2.453410 -0.054547 -2.443744 1.630157 -1.692548 -2.549070
0.153869 0.356383 -2.000939 1.056230 -2.945302 -2.391761
2.034918 -0.493580 -1.601644 3.037785 -1.453817 2.713145
-2.338711 -0.388098 -0.445224 2.121882 2.835496 -0.619789
1.214885 -0.330813 0.959446 -0.907886 1.856783 0.525622
-0.335130 -0.459669 -0.761308 2.181050 -2.024554 -1.025654
1.532341 0.432825 -2.189661 2.098057 1.139009 0.775994
3.125336 0.195838 1.051514 -2.058412 -0.042972 -0.956371
0.884202 0.226612 -1.338900 -1.236114 -1.242070 -2.921162
-0.165704 0.441336 1.540403 0.500765 2.965092 -2.266924
2.649780 -0.481680 0.718090 0.240901 1.544506 -2.543219
0.264180 -0.377379 1.958350 -0.483236 0.487628 -3.043051
2.418262 -0.324858 -0.552549 -2.655463 -0.269005 -2.939485
-2.482976 -0.340609 -1.734510 -2.085248 -2.556066 3.077704
-1.443877 -0.543021 -2.476002 -1.873867 1.580895 -1.191611
-2.344740 -0.466266 0.487233 2.854763 0.228579 -2.179965
0.776716 0.078868 1.911405 1.577278 -2.043789 2.909977
-0.493142 0.384368 0.717705 2.421692 0.722448 2.268203
-0.084155 0.321878 -1.990564 -0.850552 -1.435460 2.968357
-2.373258 -0.384233 -0.275905 0.701774 -2.112225 -0.530331
1.120729 0.238315 -2.227068 -2.182727 -2.850459 -0.340702
0.808401 0.097528 1.198700 0.787403 0.871171 -1.870189
1.613811 0.144560 -0.221824 -1.403995 1.490572 -1.076293
-2.814572 -0.060995 -1.967841 1.939001 -1.496400 3.085737
-2.281798 0.027945 -1.242551 -0.682645 -1.149512 0.434720
-2.043080 0.402179 -0.991263 2.227417 1.757643 2.130912
1.194688 0.348533 1.856443 1.972124 0.605431 -2.872638
-2.504556 -0.049885 -0.280766 2.546935 0.938371 2.444060
2.543448 0.229184 -1.187571 -2.246541 -2.858348 -2.829580
2.441197 -0.335708 -2.342382 -0.439025 1.445288 0.687753
-0.963172 -0.574523 0.068321 -2.057324 -0.807709 2.724946
-0.835259 -0.201688 0.956332 2.752400 2.448333 3.033853
-2.469467 0.210313 0.179965 1.682871 1.455489 0.702595
-0.691597 -0.224994 1.853164 2.627052 1.916312 2.951907
-0.105181 0.294008 0.706073 0.637635 -0.846432 2.228987
-1.961718 -0.126348 -1.055689 -0.278776 2.134025 2.926327
-3.076831 -0.362878 -0.117433 2.590140 -2.816590 -2.036655
-2.918760 0.259933 0.316706 -2.973076 0.248599 1.069006
-1.215826 0.126071 1.495783 -2.597441 -0.999279 -2.464386
2.773949 0.037738 -1.108970 -0.761673 -2.840180 -0.903144
0.031882 0.107625 -0.712463 1.671623 -0.093013 0.877725
1.046704 -0.428933 -0.514114 0.918644 1.283838 1.327341
3.129355 -0.392373 -0.073759 1.057754 -2.779456 -3.014250
-3.093438 0.134213 -1.475952 -3.033204 -2.310214 2.995045
1.592739 -0.300117 0.624121 -0.578399 1.352616 0.117637
2.161605 -0.405677 -0.810750 1.186176 2.591702 0.711286
-2.361910 -0.500743 -2.120000 1.925688 -0.157695 -2.196152
2.283234 -0.385979 0.436454 -0.610122 0.475930 -1.925253
0.755174 0.529338 0.324162 -1.175728 0.961657 3.130163
-1.553408 -0.077797 0.980688 -1.719298 0.211280 0.841233
-0.532514 0.352076 -2.500244 -1.102273 2.803190 -1.056510
2.125934 -0.117492 -2.418142 -0.341923 2.832361 -1.508895
-2.750673 -0.558376 -1.368211 -3.026136 1.507131 0.038044
-1.495524 0.426006 2.408321 -0.899082 0.990170 -0.077101
-0.695556 -0.293609 0.248269 -2.502002 0.248552 0.400036
-2.683476 -0.455200 0.545517 -2.701914 0.344654 -1.657284
3.064264 0.572020 -2.339716 -0.080549 -2.568441 -1.074269
-1.220408 0.323815 -1.036556 0.614341 -0.894298 0.237656
0.070281 -0.129026 1.441070 -0.680744 0.406797 2.286564
2.908120 0.252072 -2.491135 2.939602 -0.448011 -1.800767
1.994567 -0.485535 0.881131 -0.256562 -2.715234 0.400096
3.088441 0.145108 -0.215936 2.915681 -0.758136 -2.644755
1.612206 -0.044829 0.597804 -3.078463 2.723820 -1.057537
1.834964 0.129975 -1.985301 0.225268 -2.966941 -0.081969
0.299777 -0.299286 -1.133105 1.828294 -1.190698 1.759125
0.405699 0.354469 -1.251891 2.275760 -0.294111 0.957359
-1.737834 -0.022036 0.034521 -2.746339 2.800775 1.888841
-2.661258 0.081458 1.665947 1.413088 2.776356 -0.318921
-0.166729 -0.038160 0.368472 1.254786 2.536757 1.247817
0.300070 0.108319 0.314980 1.444921 -0.038771 -1.819726
-2.426867 0.088688 -0.573333 -0.998694 1.439465 -1.817090
-2.544495 -0.066962 1.487778 -2.216822 -1.651703 -2.300481
-0.720407 0.214994 -0.280263 -0.757776 -2.216733 -0.424621
1.495143 -0.472520 0.553060 -0.954937 -0.113702 -2.382288
2.728721 -0.295637 0.149662 -0.188926 -2.169831 -2.228761
1.935326 0.565501 1.205512 -2.049645 1.098116 -2.133528
-2.565069 -0.216094 -1.853901 -2.099113 0.866652 -1.721345
0.220913 0.251162 2.137025 -2.792577 1.000517 -0.334414
1.823764 0.382513 -0.870459 0.087616 1.554566 -1.190728
-1.386677 -0.021860 -1.851490 -2.759655 0.953870 -2.443070
2.292648 -0.125629 0.479910 -1.819730 -0.116324 0.538764
-2.678098 -0.131327 -2.387822 0.561960 2.679301 -1.878074
2.030138 0.387346 2.322756 -0.102470 -2.519919 -1.787294
-2.583382 0.228624 -0.657203 -2.150289 2.839292 -1.142143
2.689418 -0.168135 1.986835 0.988330 -0.342166 -2.509282
-2.416004 0.083497 0.024080 2.055641 -1.427792 1.553460
0.537104 0.401125 -2.377146 2.876539 3.013937 2.720660
-1.327146 0.114090 -0.346069 -2.226362 -1.648917 -2.436417
-0.244494 0.254725 2.317862 0.848139 -0.983748 1.308612
0.948660 0.301488 -0.768655 -2.307341 -1.043186 -2.613811
2.588474 -0.364714 -0.786055 2.481930 -0.189975 -0.755977
0.675240 0.273892 2.474861 1.568674 2.851781 0.920379
-2.828355 -0.204424 -2.288947 -1.590838 -3.035949 -3.118767
-0.127369 -0.160229 0.355928 2.707411 -0.167034 1.421672
0.270631 -0.099608 -0.909047 0.317409 -1.623840 2.917095
0.685331 -0.200515 -1.554269 -1.724726 -2.992296 2.700852
1.042645 0.525259 0.012291 2.040722 1.100378 2.539679
-0.656795 -0.554179 -2.234242 -1.787115 0.141963 3.063535
2.756252 -0.446503 1.718510 -2.282941 -2.792657 -1.903909
2.778750 0.493165 0.824929 0.496828 -1.844468 -0.365515
2.248861 0.422367 1.129860 1.128006 1.569273 0.307462
2.481293 0.306866 0.272802 -0.797372 -1.234569 1.840990
-1.244385 -0.213703 -1.518229 1.772341 -2.616813 -1.871715
0.772992 -0.293790 0.468347 2.311522 -2.192821 2.924825
-1.374174 0.427310 1.930655 2.166892 -1.094054 -2.937069
0.125179 0.185113 -2.431504 -0.596643 -2.460318 -0.889038
0.936933 -0.166216 -1.498540 1.372137 -1.615064 -2.874945
2.475167 0.445206 -0.835130 0.995963 -0.172065 1.285804
0.267024 0.015969 -0.691500 -0.823987 1.881348 1.894858
2.665974 0.326892 1.429661 1.068916 2.510908 -0.775051
2.040368 0.418125 1.655871 -2.098369 2.323942 -0.838562
2.582987 -0.337677 -1.188556 0.824779 0.945646 2.422885
-1.536659 -0.224791 -1.127872 1.663028 0.552804 -1.009701
-3.067602 -0.118345 -2.265170 1.016724 -0.162522 0.665018
3.106069 0.275740 0.916883 2.862383 -0.166022 0.751829
0.064134 0.427934 1.554850 -1.624893 -2.098312 -1.869278
0.380975 0.356946 0.917408 2.121013 3.006468 -0.609977
-1.221014 0.035717 1.894371 2.215551 -0.652054 -1.587321
0.048354 0.267314 2.267360 1.408811 -2.083866 1.058653
1.117570 -0.316745 2.294467 1.129228 1.731933 -2.541247
2.517399 0.212864 1.649463 0.031255 -1.950937 -1.392069
2.202044 0.504455 0.209175 -0.210025 -2.571943 0.091889
2.528726 -0.081218 -1.255475 0.004776 3.082706 -2.489009
2.877946 -0.438372 -1.471014 2.469844 -0.169521 1.979159
-2.035964 0.002673 -1.147725 1.181760 1.961668 -0.889108
2.395572 -0.046737 0.422268 1.829266 0.202932 -0.160951
2.923651 -0.543973 0.239512 0.953148 1.179339 -1.773378
1.804935 0.316539 0.742483 -0.951189 -2.098071 1.863790
2.279862 -0.527981 -1.103383 -2.421893 3.025662 -2.185905
-2.401863 0.374548 2.308147 -3.114974 -0.233430 2.868283
-0.178647 -0.516339 2.224991 -1.502596 1.245353 -3.045160
1.403527 0.483133 -1.515573 -1.232867 1.409596 1.752721
-0.457421 0.073057 -1.251509 2.574474 1.343120 1.847430
2.755889 -0.291215 0.044237 1.857483 1.264173 0.869935
-1.855283 0.339717 1.444282 -2.367771 1.173369 1.446084
-1.622437 -0.316999 -2.332793 1.159381 2.708087 1.844233
0.200583 -0.240233 -0.178683 -2.345625 -2.514752 -1.487438
1.019225 -0.168279 -1.686475 2.637279 0.732920 2.537294
0.625860 0.390115 1.417794 2.434136 -1.722993 0.765863
0.473633 0.158818 1.891700 -2.559178 2.632699 1.349656
-0.199177 0.387570 1.406878 1.451476 -0.731140 -1.162924
1.976948 -0.238296 0.311988 2.792456 -0.015112 1.022225
0.309690 0.142171 1.049164 1.522643 0.884115 0.208350
0.474907 -0.506571 2.229003 -0.443632 -0.862890 1.665935
1.461818 -0.204391 2.433800 -0.476099 -0.000371 2.963884
-2.873464 -0.230029 0.573266 -0.746983 0.145155 -2.007777
1.946020 0.113375 -0.403276 2.824158 -1.161513 -0.230348
-3.086442 -0.404482 -0.417715 2.363349 -2.641992 3.057328
-0.546917 0.444544 -1.083415 2.981526 -1.166438 -2.175072
2.571420 -0.314832 0.649583 -2.140993 -0.132514 -0.869674
-2.876032 0.151746 -2.253385 1.135641 2.595714 -2.411107
-1.327023 -0.194371 0.294841 -1.344287 2.835002 2.067323
0.912597 -0.137267 -0.456367 -2.138299 -0.785935 -2.628066
-1.676368 0.488398 -2.436300 -2.176670 -1.451691 1.572842
-1.371282 -0.206322 -2.404585 1.151007 0.500173 2.637833
2.790208 -0.035359 -0.379726 2.954349 -1.071725 2.206327
1.737413 0.245095 -0.056102 -2.202656 -2.043504 2.874145
-0.171131 -0.077701 -0.549741 0.745341 -2.649787 0.171344
0.907151 -0.249779 2.070588 -0.349645 -2.805630 0.603201
1.339558 -0.039913 -0.987779 -2.622897 -2.920345 2.721389
3.073959 0.282318 0.570042 -1.133972 1.179013 -2.013150
-0.692398 0.534640 -1.652644 1.585165 1.557022 0.690011
0.984870 0.496038 -1.729028 1.784516 0.761555 -0.509589
0.265764 0.521196 -1.064329 0.377713 -0.462191 -1.252680
2.879998 -0.282343 -1.180000 0.149046 2.532454 -1.423437
2.412599 0.237682 -1.571629 1.633308 0.268866 2.587763
-1.505301 -0.430827 -0.239705 2.506415 -1.061943 -1.738954
1.933541 -0.000852 2.440817 2.990044 0.901882 -2.789390
-2.226696 0.079713 -1.769217 2.184822 -1.542755 -2.147526
-2.846855 0.435649 -0.656156 2.950512 2.384094 0.251303
-0.696129 0.386117 -2.303673 2.773005 -0.021440 -2.598935
2.543945 0.190306 2.110099 -0.066815 -1.198879 1.735120
0.481026 0.551032 -2.353617 -2.757978 -1.306809 1.149972
-2.702700 -0.075897 -0.521602 -1.762430 2.123455 -1.971544
-0.323462 -0.315326 1.884850 -0.136486 -0.905477 2.440180
-0.529847 -0.262709 0.402475 3.084266 1.245119 -0.699900
-1.428999 -0.068637 0.326263 -1.576741 -0.073737 1.931501
2.370769 0.162927 -1.095627 2.352913 -2.213074 -1.683901
-0.965013 -0.065879 0.283383 0.201827 -1.570305 -0.688737
0.983533 -0.543076 0.870488 1.110734 3.066963 -1.130365
0.475007 -0.440290 1.378420 0.527620 -2.524190 -2.344231
0.491124 0.158999 2.013831 -0.789658 -1.425518 -1.896445
-2.692491 -0.572920 2.404662 2.709018 -0.210959 2.234648
0.900119 0.426313 0.453831 -1.163597 -2.872688 -0.781090
-2.715476 -0.128170 0.463056 2.225091 2.076901 -2.873434
-2.640925 0.076780 -0.791839 -2.673540 -0.239711 -2.106332
-2.501739 -0.102317 -0.483505 0.643207 -0.936265 1.753014
2.664588 -0.542340 -0.843255 1.571461 2.274293 -3.001184
0.083739 -0.226384 -1.089540 1.805453 1.692095 -2.292421
0.871863 -0.310480 -2.244419 0.013289 1.287228 2.540172
0.732548 0.238571 -1.271121 -1.017778 1.921559 -1.884363
-2.963388 0.231306 -0.628525 -0.238865 -1.957096 -1.731655
0.860024 0.338622 -0.803831 -2.627815 0.208264 -1.393608
-1.077613 0.376811 -0.287401 1.910956 -0.395072 -2.054450
1.334819 -0.561240 0.025678 -1.055395 0.993003 3.011442
0.140693 0.015593 1.714047 1.883387 2.332106 0.775669
-2.719974 -0.572893 1.012730 -2.888336 1.903946 -0.899181
-0.045395 0.148374 -1.679621 0.952238 3.049915 -2.355897
2.215265 0.157683 -1.766135 2.421572 2.140855 -2.988276
-2.434848 0.269612 0.863224 1.102483 -1.666814 1.104679
3.035305 0.385362 0.807599 2.988542 -0.067649 2.667198
2.694024 0.013500 1.966683 2.973326 1.548031 0.853128
1.731622 0.303057 0.358824 3.047969 -0.230247 1.173665
-0.046875 0.179792 -1.330880 -2.590921 -2.184255 1.251170
0.793088 -0.262641 1.367545 -0.802450 -2.358194 -2.166797
-1.543604 0.412923 0.759177 -1.957455 -2.976016 2.792277
-0.394648 -0.161227 -0.498790 -0.013974 0.975501 -2.299156
1.401502 0.359024 -1.711175 3.113722 0.496464 1.249935
-2.086510 -0.187411 -1.736247 -1.447903 -0.459394 -2.611253
-0.901271 -0.555470 -1.788679 -0.796986 -3.129140 0.275996
2.370862 0.371541 -1.281442 1.380182 0.012424 -0.403675
2.406704 -0.454232 2.412246 -2.632119 -1.972354 2.413382
2.372272 -0.221618 -1.776546 3.058130 0.932763 0.833859
1.754439 0.181772 -0.971130 -2.562086 2.422684 -2.476056
-2.030300 -0.094034 0.776498 -1.827773 1.129024 -1.981841
0.733406 0.110463 0.124208 -1.538360 -1.729283 -0.079808
0.826627 -0.154500 -0.950321 2.271562 -2.184291 -0.883671
3.087227 0.518891 -1.103538 -2.871937 -2.296445 -1.082575
-0.793002 -0.052022 1.411808 0.411003 -2.498853 -0.991579
1.397320 0.432237 -0.361700 0.352002 -0.672312 -2.276943
1.578474 -0.176887 2.136878 -0.151678 1.265241 1.559486
-2.743605 0.067093 -1.626394 2.285674 1.298622 -1.193491
2.114774 0.062913 -0.630501 -0.052908 1.543510 1.749842
0.709862 -0.411266 -0.165640 -0.015420 0.772579 -2.615722
-2.163627 0.192904 1.817564 2.615731 2.842088 -0.625882
-0.146101 0.453237 -1.076786 0.042816 1.789687 -0.186901
1.137576 -0.393034 -0.879472 1.860783 0.968258 -1.701336
1.453511 0.317701 -0.097945 -0.414333 1.915882 -2.793642
-1.166202 -0.205407 -1.627051 -0.749521 -1.910933 0.067810
-2.167774 0.370445 1.909100 0.295329 -1.682102 -0.595832
0.456683 -0.000602 -1.997443 1.207928 2.986969 -0.741246
-2.665395 -0.417452 0.210660 0.245008 0.497518 1.951346
-0.566093 -0.489398 0.905764 0.264653 -0.311191 -2.829983
-2.040630 -0.373315 -2.072348 1.435177 2.349854 -3.042688
0.159368 -0.177246 1.731740 1.607974 -2.064723 2.739640
1.487210 -0.307201 1.966862 0.920602 -0.975656 2.311136
0.129179 0.567551 0.704482 2.936875 -3.101520 -0.946635
-0.846578 -0.507490 -2.308277 -0.921898 -0.505311 2.945089
0.266936 -0.389260 0.590428 1.992994 -3.049031 -0.722698
0.060694 0.454103 -2.030061 -0.409915 2.336044 -2.077173
-2.623225 -0.202880 -2.292324 2.252883 -2.642255 -2.957580
-2.103052 -0.089647 -1.067619 2.866359 -2.357232 -0.022400
1.360087 0.181171 0.036178 -2.306282 2.697850 -0.465006
-1.812105 -0.280159 -0.512387 0.419650 -2.973438 -0.655708
0.695966 -0.491782 -1.547530 -1.424441 2.871916 -2.140717
1.697351 0.165849 -2.071298 3.032333 2.591036 1.847803
0.897068 0.338073 -1.938567 -1.876350 -2.134811 -0.178730
3.083254 0.248620 1.588493 1.050245 1.603202 2.295078
1.510043 0.331828 1.807927 -1.147764 1.103868 -0.579028
2.791075 -0.299268 0.199657 0.967139 -2.349948 2.842846
-1.258249 -0.309068 1.538790 2.976458 0.897141 -1.862230
3.041175 0.493566 0.234703 0.420352 0.333110 -2.359788
0.223294 0.482128 -2.080028 -1.368455 0.287729 -1.027624
1.648747 -0.184137 1.488541 -1.299147 2.543623 2.438415
-0.185023 0.007920 -1.035333 -1.818649 0.637780 -1.912739
0.340508 0.317351 0.300070 0.314254 -1.848092 -3.016709
-2.602143 0.256784 0.023095 -2.403715 1.405667 -2.528221
-1.483551 0.483991 -2.319865 -3.096611 0.923141 1.205830
-1.344394 0.474949 -1.881077 -2.756741 -2.535337 2.758438
-0.557958 0.548457 -0.711446 2.073067 1.857649 -3.001010
-1.321487 -0.179004 2.356387 -0.933087 -0.097245 0.809217
-0.419936 -0.176527 -0.825334 1.273807 1.756476 -1.005662
-1.319399 -0.446257 2.323213 -0.734739 2.621017 1.732692
-2.827139 0.424616 1.684666 -1.521220 1.175545 1.587144
-1.620147 -0.040481 1.947990 0.659199 -2.139752 2.726778
-2.652985 -0.420863 -0.418720 -2.535231 -2.300056 -0.699534
-2.101307 -0.554368 2.293689 -2.521664 2.576187 -0.765823
-2.547709 0.192566 -0.661060 0.402395 -2.892925 1.198217
-1.029249 0.082076 2.295443 2.058490 1.525293 -2.720705
-2.530725 -0.120532 -0.823597 1.787014 -0.167082 -2.269084
2.593686 0.154759 0.901831 -1.178076 -2.495886 -2.252512
1.014314 -0.176498 0.295524 -2.360113 0.372736 2.721423
2.510665 -0.260058 -2.513099 2.142170 -0.182139 2.951837
-0.508471 0.058221 1.617326 -1.112739 -0.159504 -1.327471
-2.275407 0.285119 -1.200985 1.905520 -0.000919 2.436598
2.670716 0.498850 -2.436169 0.117039 -1.720216 0.323229
0.826521 -0.357930 1.191545 -0.282365 -0.356158 3.091235
-0.969612 -0.267906 2.017705 -2.555004 0.692741 -3.109722
2.402993 0.198951 1.706857 -1.585604 -1.358571 -0.554173
0.666279 0.510248 2.453741 -0.262270 2.912412 -1.760819
2.745264 -0.097649 1.414230 -1.122528 1.600225 -0.232239
2.899264 0.501204 -1.878739 0.948047 1.633150 -1.184393
-1.980831 -0.092570 0.371002 -0.863625 2.161552 3.086799
-0.114534 0.396997 1.952971 -2.415141 3.074717 2.440039
-2.098340 0.004761 2.171320 -1.809495 -2.279822 1.629393
-0.153588 -0.202163 -0.404563 -1.491682 1.564004 2.693631
1.381695 0.155891 -1.581197 -1.846189 -0.443454 1.716900
1.047746 0.212434 2.394412 1.277851 -0.341087 2.242243
0.920266 0.514314 0.627041 -2.891419 -1.940541 -1.399191
-2.775416 0.541645 -1.389977 2.886186 2.160380 -2.563777
1.494278 0.533060 1.188172 2.516720 2.786397 -1.100212
0.779706 0.394210 -0.339720 -0.503283 -0.991477 1.450497
-1.099944 0.116976 -1.351475 -2.225684 -3.000639 -0.680542
-2.042309 0.087222 2.508487 0.136176 0.408226 1.942769
1.170814 0.246689 2.324995 0.945605 -1.058406 -1.141969
2.502543 0.351540 -0.249559 -1.647082 1.679633 -1.329145
0.066584 0.003282 1.406247 1.629758 1.148131 1.349748
2.375708 -0.238604 -0.957534 -0.444137 2.135161 2.239718
2.084813 -0.427861 -0.789223 0.298440 1.291041 2.054414
0.761979 -0.349986 -1.084924 0.736674 -1.739416 1.444431
-2.613848 -0.116634 0.430336 -2.365637 -2.950989 0.769236
2.526838 0.424127 -0.155675 1.937886 3.041455 0.535754
2.007873 -0.007618 0.254916 -3.062219 -0.353645 -2.385935
-2.647436 -0.360103 0.338699 -1.743374 0.361174 0.034836
-2.450663 0.462549 0.301702 1.112528 -0.654903 -1.741832
1.837456 -0.552339 0.442200 0.864074 3.075396 -1.919170
1.803894 0.063633 1.083014 -0.343125 -1.558901 1.831907
-1.468522 -0.462332 1.650516 -2.294157 -0.460217 -1.293887
-3.021731 0.242493 2.119834 -2.246992 -1.334736 -1.707638
1.720331 0.083365 0.956597 -2.216346 -1.283444 -2.107328
-2.582266 0.247780 1.326734 -3.000186 1.678359 2.495603
2.717987 -0.373661 -0.508678 0.360309 -1.746456 -1.273383
1.112879 0.338107 -0.717040 -2.872915 -2.971461 0.279623
0.746388 0.016026 1.975746 -2.325773 -1.158295 -0.324868
-1.486264 -0.491246 1.920273 0.512403 -2.751854 2.091215
-0.181876 0.032344 1.303095 1.406735 0.450364 1.030659
-2.154391 -0.449620 -0.199514 1.414958 2.089915 0.651850
-0.718279 -0.303679 2.303644 1.937675 2.563819 -2.636894
0.151758 -0.273065 0.032640 -0.187101 -2.036452 2.099245
0.273530 0.220376 -0.581461 1.977908 0.172037 -1.372335
-0.770512 -0.487767 1.561808 0.608710 -2.021668 2.357198
-1.979237 0.039179 -2.318796 -0.116551 2.928050 2.210498
2.843859 0.250355 -2.180080 -1.596440 2.221172 2.140977
-1.482146 0.149914 1.933338 -1.474459 0.578584 2.763619
-0.643583 -0.053268 0.281823 0.095916 1.857181 -1.232376
1.545377 -0.169530 0.066118 1.020457 2.691860 1.318173
0.394556 0.018499 2.165343 -0.762502 -2.228377 -1.638513
-2.837699 0.388841 -1.522972 -1.328580 0.742657 2.812963
-2.314695 -0.180826 -0.155314 -2.366868 1.252084 -0.857306
-2.289625 -0.136808 0.607139 2.173277 -1.043540 2.224543
2.213773 -0.285287 0.168487 1.834559 -0.792070 -0.935139
-2.013386 0.046236 1.877016 2.160488 -0.530752 -0.539730
0.541783 -0.007768 0.142524 1.942945 2.992315 -2.431468
-2.861249 -0.100019 0.748019 1.453907 -1.360659 -1.497623
2.233084 0.286259 1.062910 -1.256801 0.266092 -1.047266
-0.767282 0.486612 0.798934 -0.111828 -2.626646 0.215895
-2.465039 -0.426427 -1.567955 0.154883 1.006268 1.164583
0.431494 0.086821 -0.076468 -0.484055 -2.912781 -0.512745
2.459486 0.517312 1.493690 0.594773 1.841208 0.746226
0.217847 0.466249 2.342686 2.412612 0.864614 -1.657427
-1.346748 -0.457229 -1.067934 2.411769 -2.307757 2.972286
1.875207 -0.261040 2.442156 -1.509846 -3.030107 0.583676
2.815783 -0.485704 -0.466654 -2.468055 -1.001973 -0.370076
-0.426079 0.526866 2.377332 -2.127878 -0.000684 -2.424757
-1.530979 -0.193111 -1.127743 -0.803894 2.334135 -0.780168
-0.223074 0.038703 1.215361 -3.029388 -0.065012 1.578405
0.310677 0.287319 0.898254 2.783175 -0.781582 2.181448
1.879717 0.516534 2.055654 2.733866 0.820220 1.030258
1.900066 0.435154 0.398024 2.208980 1.114784 0.568455
-1.565245 0.276705 0.835823 1.646444 1.893138 -1.797915
-1.051106 -0.012101 -2.306715 -1.145143 -2.830719 -2.930794
-1.885935 0.556338 -1.565608 0.543736 -1.437936 -2.822270
3.002297 -0.209898 -0.518076 0.990489 1.050743 0.788319
-3.067670 -0.234052 2.088447 2.275469 -0.513841 -3.012768
0.676256 -0.115224 -2.086204 -2.160102 -1.095531 -0.860984
-0.724875 0.148926 0.663574 1.485788 -2.685776 1.721984
-1.989585 0.111187 -1.497191 -2.200545 1.072947 0.444169
-0.949263 -0.482262 2.491049 1.292029 -0.333797 0.544476
2.490094 -0.014677 -1.023160 -0.508377 -0.573871 -0.668754
-2.548847 0.560819 -0.176776 0.295813 -0.872165 1.933947
-0.585364 0.253230 -2.201609 -0.712818 0.310355 0.264710
-2.616252 0.123689 -2.139296 3.081883 -0.351346 -1.328793
0.104661 0.510487 0.688958 0.392979 -2.301970 -0.198347
-2.921036 0.545716 -1.056018 -2.008750 -3.082283 -1.202639
-2.729481 -0.346798 -2.311191 -1.516305 1.675613 -0.302732
-1.959757 -0.176613 -1.430041 2.611898 -2.300923 -1.941754
1.935646 -0.321755 -0.198625 2.181029 -2.199055 2.252520
1.310643 -0.062115 -0.843618 2.613828 0.942865 1.802614
-0.915201 0.557520 0.739390 -0.627256 -2.669028 0.386325
-2.714180 -0.251238 0.546716 -0.605689 2.406699 -1.519081
0.318956 0.359659 -2.157961 -0.594069 0.644672 -1.795689
0.845659 0.250416 1.823453 -1.150753 -0.707780 -0.351665
1.999214 0.459116 1.673215 0.292741 -0.167546 0.097988
-1.005306 -0.534290 -0.679622 -2.564226 2.141540 2.193577
-2.422459 -0.361513 0.333340 -0.031146 -1.249020 -1.960586
1.132025 0.389523 -1.708366 1.410445 2.435979 1.357622
0.430811 0.440731 0.700731 0.611153 2.706094 -0.512134
-0.683649 -0.237439 1.926294 -1.570769 -2.419004 -0.892476
2.587888 0.368306 0.184636 0.436636 1.041918 -1.856260
2.044558 0.193620 0.342074 2.627471 0.183044 0.902684
0.982164 -0.513822 -0.765952 1.495689 0.517927 2.737337
0.706769 -0.558390 2.288646 0.709225 1.533557 -1.941636
0.340681 0.154933 0.239806 3.118130 2.381654 2.319950
1.358038 0.072112 0.153389 2.731617 1.840599 1.296866
-2.953471 0.132969 1.445643 -1.500732 -2.174113 0.502635
-0.058771 0.052055 -2.320146 0.941192 -1.103329 -1.897307
2.187540 -0.466211 -1.880006 -1.565570 1.900242 1.541075
-1.429820 -0.012806 2.134327 1.004383 -0.708484 0.925060
0.914499 -0.231017 -1.359842 0.407437 2.615077 -0.139378
-1.655061 0.492362 -0.956183 2.590548 1.073646 -1.256735
-0.213827 -0.341487 -0.773086 -1.158580 2.942617 1.819848
-0.827763 -0.248158 -2.033536 -2.648634 0.861341 -1.847664
1.429771 0.503782 1.607014 -0.290028 0.227000 0.540309
0.512121 0.429463 1.330778 0.967397 -1.266769 -0.223521
-2.160089 -0.040191 -2.240002 -0.536968 0.816453 0.821857
2.402143 -0.199714 -1.241646 -2.339630 1.299984 -2.579574
-2.156783 -0.184956 0.089195 1.989156 2.233658 -1.705613
-0.952960 0.498463 -0.783568 0.253068 0.385350 -0.385031
2.185600 -0.295568 0.319968 0.045469 -0.126075 2.382687
0.290435 -0.472398 1.596061 0.308389 2.409832 -1.774931
2.668150 -0.375286 -0.289713 -1.618735 -1.152737 2.944069
2.664295 0.277623 1.950034 -1.810187 -1.003843 -3.141374
2.629672 0.083687 1.946006 -2.679827 0.488540 1.812966
0.891642 0.512805 -0.214389 0.051033 1.523246 -1.224315
0.631260 -0.574706 -0.486483 2.974575 2.744645 1.815269
-1.539017 0.439838 -2.271178 -3.104849 3.009533 -1.304755
1.103668 0.022131 -0.901597 -1.138331 0.969924 1.804033
-1.358698 -0.107622 -2.301368 -0.966269 0.599373 -2.199856
-1.728761 -0.464754 -1.734374 1.736343 -0.079330 2.025731
-1.263465 0.161163 1.851572 0.826598 2.376280 2.960221
2.576831 0.359546 1.186654 2.975974 0.468210 2.651186
2.139196 -0.432388 0.072196 -0.095036 -2.045018 1.400708
2.595123 0.303212 -2.133381 -2.983470 2.882901 1.362685
2.545925 0.145560 -1.248748 -2.316944 1.000081 0.725612
2.999625 0.090804 0.106013 -2.639586 -2.551322 -2.639134
-2.836241 -0.164640 0.947143 -1.402469 2.035808 -2.749085
2.546685 -0.312137 1.396962 0.469314 0.678625 -1.420010
-1.390436 0.071089 -0.453306 2.775333 -0.348096 -1.797694
-2.082007 0.368290 1.233865 3.120017 1.262365 -1.506176
-1.694332 -0.542280 0.836410 -0.662503 0.406597 -0.771615
-1.066494 -0.530267 -0.853334 1.443217 -2.305241 3.099303
0.060786 0.240660 1.434724 1.710868 0.776783 1.177079
-1.067676 -0.434512 0.022846 -1.003274 1.838516 -1.754176
-2.372530 0.085883 2.332271 1.443151 -1.179005 0.947620
1.584074 0.524838 -1.721421 -0.195350 0.080196 2.950975
-1.192733 -0.298578 1.675790 2.717307 -2.893476 -2.195870
-0.620564 -0.316920 -0.274664 -3.021511 2.458731 2.484639
-1.128854 -0.464142 -1.532138 -1.018276 2.661372 -3.005178
-2.229684 0.268497 2.307876 2.802201 2.617224 2.327358
-0.052591 0.060724 -1.039567 1.960020 0.747173 2.348254
1.757117 -0.460476 0.547623 -1.354205 -0.882077 -0.293405
0.467929 -0.397780 1.550734 1.990422 -2.504172 2.518961
2.932831 0.172611 2.051680 0.693319 -1.794631 -2.996381
0.438174 -0.027785 0.459496 0.050059 -1.681438 -2.439232
0.390204 0.444102 -1.603624 2.460198 -1.273573 -1.637350
-1.256623 0.063808 -0.199373 -2.125485 -1.877196 1.023034
-2.790546 -0.020730 1.310727 -3.010809 0.514801 -3.111748
-3.073858 -0.084951 -0.468880 -0.950896 2.897523 0.867611
-1.347522 -0.574437 2.159194 -2.954501 0.315907 2.281651
-2.459685 -0.461923 1.439300 1.252054 0.432945 0.532593
0.564487 -0.020714 -0.535917 -0.709113 0.552662 -1.221821
0.169071 -0.481133 -1.410342 -0.696499 2.666245 -1.632597
0.646651 0.012988 -2.454143 -0.353055 -1.343133 0.323820
-1.906402 -0.511819 0.697772 2.107750 -0.578649 0.278307
2.766861 -0.395576 1.539090 -3.094663 0.373383 2.270670
2.106496 -0.122630 0.453984 0.850687 3.063014 -1.640062
-0.523915 -0.098409 0.325135 3.011872 -0.584317 2.648314
1.670311 0.509299 -0.273803 1.643463 -2.923533 -2.971137
1.300665 -0.384313 0.090000 1.360913 -2.471471 2.240413
1.852400 -0.480794 -1.564496 0.910787 3.124419 -0.404741
-2.941818 0.536883 0.217184 0.415318 -2.763796 1.518349
-0.754658 -0.413562 -0.292294 -2.650934 0.975633 2.747669
1.414337 -0.326554 1.898707 0.357888 2.078081 -0.819653
1.282062 -0.247088 0.874166 2.718178 0.720757 0.061485
-3.111246 0.183863 -0.313281 2.805026 -1.257690 -1.747972
-1.309174 -0.142358 -1.469346 2.332157 1.538197 -3.063399
1.011372 -0.371651 -0.468816 1.743824 0.203527 -2.180769
1.651550 0.471886 -0.242101 0.516732 -2.253794 2.931766
0.879992 0.221785 -0.845952 2.129327 -1.304316 1.407456
0.949807 0.338320 -2.209176 -1.504311 0.949583 2.677620
-0.102735 0.413339 2.123728 1.381265 1.799803 2.283231
2.915701 0.199040 1.576115 2.946474 2.308291 0.566836
0.894770 -0.241155 -1.403452 2.577916 1.908832 -2.532882
2.030226 0.510429 -0.889309 1.053825 -0.533926 2.506971
0.217538 -0.164436 0.729663 1.233899 -0.487701 -1.387906
-2.274844 -0.464383 0.714982 -2.012731 -1.872688 1.425836
0.181674 -0.416374 -1.457111 -2.162604 2.875453 -2.824933
2.820075 -0.559354 1.630007 -2.261140 -1.785749 -0.486432
2.827923 -0.142781 1.502597 0.097486 -1.358104 0.059818
2.075210 -0.347771 0.632590 -1.915699 -1.550465 1.192252
0.918632 0.489075 -2.111711 -0.719406 0.373167 2.418904
1.999957 0.401451 0.434691 -1.297156 -1.118262 -1.368591
-0.341277 0.259047 1.003359 -1.876418 0.264993 -2.689402
3.070901 -0.270542 -0.750564 -0.408656 -2.045613 2.872482
-1.631569 0.299617 -1.459645 -0.306493 2.578162 -2.488149
0.582876 0.076885 2.352762 0.174031 2.793407 -2.997289
-1.185349 0.396340 2.462636 -2.547471 0.935778 -1.028738
-1.188364 -0.433508 -1.771652 0.094775 0.624152 1.790453
-1.442585 0.420006 -2.411688 2.346122 2.032535 2.679467
2.322242 0.239321 -2.083842 2.597516 1.144576 -1.520293
-0.185902 -0.398371 -1.004065 3.004558 0.006046 -2.061176
0.088480 -0.514706 0.474139 1.156622 -2.337095 1.010483
0.817793 0.563923 1.615373 -2.508861 -0.332850 -1.441501
0.923089 0.192288 2.294484 1.318729 -0.632937 -0.342420
-1.773338 0.037728 1.127940 -0.567658 -2.707702 0.973976
-1.253796 0.292908 -0.901723 1.042144 3.078240 -1.508760
-2.093968 -0.275268 -0.856399 -2.639289 2.015498 0.514921
-2.124053 -0.514322 1.081359 2.103914 0.768192 1.460604
1.325485 -0.122238 -1.414179 1.640332 1.216041 0.665872
-2.935977 0.119688 0.350933 -2.777404 -0.886536 1.646083
-0.646058 -0.563510 1.581714 0.833499 1.763533 1.335681
-0.906659 -0.523893 -2.398184 -2.662124 -0.567526 -2.559251
2.243153 -0.043407 -2.227837 -2.491460 -2.592675 0.583797
1.734489 0.004214 -0.835746 -0.939969 -2.362499 -0.303358
2.414488 -0.408842 1.063433 -2.951858 3.073038 -1.066919
2.076140 -0.305145 0.949754 -0.755984 -1.918646 0.565588
2.208051 -0.104100 -0.576164 -2.180423 1.719388 0.599893
1.910436 -0.062582 -0.284095 3.030101 -0.120125 2.837817
2.763162 -0.446203 -1.785949 0.993440 -2.704182 -2.666180
-2.935840 0.214701 0.808863 -0.950445 1.763977 0.350507
-2.642541 -0.244834 -0.419074 2.641226 -1.457769 2.910316
-1.535420 -0.519344 -0.772929 -1.272608 -1.774944 2.975805
-2.478880 -0.130055 -0.476078 0.950317 -0.953357 -1.636795
-1.920434 -0.262120 2.092224 -2.498556 -0.075715 -2.589921
1.729032 0.407939 -2.042353 2.185714 -1.184361 -2.075497
1.822619 0.513624 1.688818 -0.693412 1.116160 0.407176
-0.688884 -0.544017 0.692308 -1.685055 -2.608159 -0.813918
2.403440 0.565949 2.430107 -2.279833 -0.532123 1.517045
-3.092970 0.559258 -2.026799 -0.134327 0.584040 0.709980
3.099420 0.361252 -1.496332 1.133219 -1.970642 -1.241265
-2.955386 -0.335229 -0.840891 2.034520 1.935277 1.907812
1.550163 -0.091120 2.250574 -2.070304 -2.410317 2.081735
0.570749 -0.207943 0.187965 -0.667823 -1.335956 1.104004
0.161666 -0.494062 -2.059487 -1.246645 -0.145238 -1.980054
1.620167 0.509976 0.795595 -2.331633 -1.841182 -1.006576
0.499974 0.212975 -0.648200 -0.686383 1.036096 -2.162762
-1.827904 -0.055439 -0.699194 1.145496 -2.385589 -1.147899
0.312143 -0.402504 0.631312 -2.976913 1.709068 2.161006
0.524374 0.112626 -2.206342 -0.342971 2.123218 -0.596666
0.686873 0.149507 2.349367 2.152405 -0.528465 2.694811
-2.796929 -0.014831 0.562924 2.653686 2.352101 2.334069
1.459276 -0.479364 -1.484502 2.883772 -2.268719 -0.174114
-1.888168 0.159820 -2.384939 -0.615033 -1.118981 -2.146094
-1.981791 0.027495 1.299624 1.673868 2.643663 0.747534
2.978090 0.171010 0.848052 -3.023389 0.943580 2.620193
-0.644874 -0.409309 2.490452 -2.961168 -0.661041 -1.862975
-1.934880 -0.103048 0.886146 -1.644518 -2.853489 -1.420877
3.098879 -0.359174 1.990553 2.051724 -2.064441 -0.181415
-2.602830 0.437975 1.764869 0.663918 -0.103084 0.959130
-0.484608 -0.398657 -1.739125 -1.026791 1.329905 0.417285
2.408916 0.521358 1.454998 -1.969866 -2.629628 -0.748034
2.147477 -0.418338 -1.339345 -2.462947 -2.941393 -1.759289
-2.030639 0.496484 -1.628467 -2.428688 0.495874 1.365106
-0.155214 -0.430220 0.529305 -1.426587 2.814251 2.984705
-2.059570 -0.349325 2.472998 1.755368 -2.653521 -2.956761
1.419366 -0.202380 1.605555 0.512082 1.927097 0.766104
-2.080808 0.287680 2.218227 -0.023795 2.467796 -1.331265
-0.487981 -0.373402 -0.604320 -1.748343 2.123825 1.033998
-0.233860 -0.006400 2.128884 -1.042308 1.184617 -0.201318
1.003253 -0.362524 -0.525508 0.293228 -2.164861 -2.932527
-1.674728 -0.411240 2.265426 -2.062234 -3.085059 -2.072288
-1.852013 -0.390374 1.782621 3.086811 -3.079979 -0.639362
2.616349 -0.000288 2.238081 2.771689 -0.080505 -1.589686
-3.118661 0.449211 0.020188 -1.982675 1.906327 -0.523798
-2.361091 -0.212023 1.207381 -1.056431 -2.342443 -2.053017
-0.846613 -0.550566 1.831049 -0.929175 -2.505071 -0.772331
-1.836884 -0.540738 -0.531503 0.311606 3.065260 2.961975
-1.306256 0.401212 2.141991 -2.467957 -2.603326 0.223485
-2.333787 0.269335 1.534339 -1.802329 1.192978 -1.304624
-1.100276 -0.565637 -0.570420 1.978024 -2.655696 0.230825
3.120343 -0.112725 2.295911 0.657502 0.064161 1.888197
2.816028 0.366472 -0.715978 0.592554 2.451578 -1.770552
-0.356706 0.013339 -0.569090 -1.771300 1.706351 0.432703
-1.211444 0.376564 -1.607859 -1.114096 1.564383 -1.877399
-3.063582 -0.144220 -0.166024 -2.065518 -1.413306 3.057674
-2.919902 -0.100398 1.396962 -2.907104 -3.138378 2.058370
1.989847 -0.117607 0.271157 2.504746 -1.679290 -1.010001
0.267557 0.345715 0.701200 0.354220 3.116134 0.528212
-2.550570 -0.187126 -1.116679 1.696354 0.415976 -1.006157
-0.707848 0.214602 0.120591 0.098345 -0.373735 -1.317728
2.476145 -0.179769 -2.381125 -0.845429 -0.769964 0.443557
2.157425 -0.182715 2.239426 1.291150 1.530145 -2.102369
3.048584 -0.402165 1.528550 2.624279 -2.797504 2.478096
-1.226323 -0.079593 0.877696 -1.095764 -2.714649 -1.232818
-1.988627 -0.215462 -0.290174 -2.812641 1.948190 1.156043
-0.541160 0.264330 -0.403722 2.571530 2.740533 -2.244225
0.017256 -0.550141 1.586990 2.251158 2.577494 1.140445
2.155514 0.573715 0.519985 1.295716 2.379337 -1.951460
-0.204834 0.000649 1.698362 -1.933396 -2.061229 2.092569
0.647683 0.105833 -1.590110 -2.838286 1.847945 -1.523775
0.790905 -0.111173 -1.864740 -3.096740 0.675171 -0.210342
-1.262890 0.431673 -0.119306 0.465756 -1.143327 0.540485
-0.557233 0.482492 0.121060 0.715518 -1.491391 -2.048701
-1.570643 0.562113 1.033519 2.586103 -3.115822 -1.247288
1.058877 0.061306 -1.149218 1.514310 2.593084 1.530249
-2.474509 0.401126 -1.778429 2.252870 -1.654168 -2.747525
2.325243 0.227019 0.652769 -1.249450 1.139963 1.045886
-2.300173 -0.066919 0.552243 -0.108850 -1.592312 2.043359
-1.146574 0.480715 -1.177312 -1.914392 -0.915957 0.802175
2.290224 0.373776 2.318639 2.232232 2.136759 -0.537681
2.366583 -0.228309 1.922030 -2.814698 -0.316343 -0.288073
-0.048735 -0.000825 1.710890 -1.604283 -0.666122 3.005015
2.541400 -0.355652 1.629507 -1.108725 1.943954 -0.622584
-1.004711 0.281473 2.302468 -2.018942 1.015182 0.780703
-1.348764 0.450442 1.595864 -1.988015 1.368298 -2.052975
-2.343243 -0.240645 -0.525601 -2.143221 2.198315 -0.772233
2.163422 0.381871 2.265679 -0.178291 1.273201 2.231411
0.771254 0.083320 0.029974 0.441912 0.676808 2.613516
0.971480 0.049578 1.522183 0.517503 2.852491 1.270518
-2.132516 0.562068 -1.251365 0.485433 -1.552732 2.067622
-2.730739 -0.081137 -1.912131 0.052532 -2.520656 -2.709142
-1.816289 -0.071444 1.231472 2.239831 -2.520661 1.196800
2.571388 0.256426 1.716605 2.610722 0.469609 1.358440
0.518081 -0.123590 0.393707 -0.966721 -0.782360 2.588114
-2.335531 -0.519198 -2.131634 2.680635 1.157640 1.408479
2.298764 -0.202490 1.735705 1.689434 2.098644 -2.887369
-2.884321 -0.012568 0.595104 -2.331783 -1.794529 1.966829
2.994165 0.167034 -0.266096 -1.562516 -1.761120 0.337268
1.885458 -0.343748 -1.494847 -0.200551 -1.484342 0.091675
-0.375738 -0.051591 -0.164560 -0.988463 -1.080877 0.047902
1.065043 0.095190 1.158921 -0.510394 0.272203 -2.612396
2.315384 0.257062 -0.017200 1.492961 0.283947 0.770811
-0.873666 0.151088 0.898753 1.392330 2.061244 -3.131411
0.188192 -0.309921 -1.431898 -0.477653 0.843415 -0.187165
-1.816709 0.431230 -0.103760 2.445135 -1.685770 -1.650399
-0.872803 0.380590 1.204694 -2.940547 2.371803 1.723189
0.317548 -0.139269 -1.930112 0.416194 -1.673646 0.196118
2.380226 0.448775 -2.453187 -2.772505 1.073736 -1.070825
-0.798214 -0.249694 -1.951172 0.954669 3.075679 0.655057
0.470249 -0.065409 2.043852 -3.014456 2.234047 0.079852
-1.353975 0.444504 1.070872 3.094813 -0.166136 2.018183
1.934746 0.261817 2.402268 2.889580 -1.464169 2.035115
-1.055531 0.571541 0.698073 1.305036 0.182279 -1.352598
0.139892 0.131014 -0.488236 -2.784539 -1.334255 1.613730
-2.295908 -0.098724 0.404127 -2.711147 0.681939 -0.157401
-2.083092 0.385888 -0.422165 2.090371 3.000288 -0.842933
-1.257776 -0.292970 -0.199643 -1.917639 1.132978 -1.916878
-0.039521 0.244664 -0.081935 0.010326 1.544649 -0.532505
-0.909072 0.426175 -0.458449 -1.739342 -2.924928 -1.530596
-0.783989 -0.136502 -1.427140 -2.664546 3.059564 1.986490
1.252364 -0.204028 0.704319 -0.120692 -1.559200 0.052819
-2.750152 0.230985 0.172451 -1.166889 0.664298 2.554354
2.256203 -0.055250 -2.485113 -0.999954 3.054850 0.434220
-1.095711 -0.551858 1.931181 1.005531 2.710876 -0.119588
-0.152644 0.462268 0.415694 -1.617455 -2.559807 2.465720
-0.280552 -0.194653 -0.727321 0.065680 -1.370671 1.970387
-2.243109 0.228090 -1.559114 -2.617006 -0.176105 -2.107860
2.851459 -0.125141 -1.571720 0.048606 2.624441 -1.206028
-1.670052 0.255109 -1.981803 1.417186 1.607316 0.541581
-1.261095 -0.475904 1.726478 -0.783459 0.728561 -0.192716
2.393702 -0.399937 0.110767 -0.776512 1.845020 0.500854
0.562256 0.293015 1.609217 -0.471687 -1.873083 0.643853
-1.815370 -0.016367 0.761759 2.603434 1.888861 3.090338
2.959016 0.471201 1.883125 0.688230 0.085516 2.989947
1.815683 0.283629 2.196563 0.503499 -0.031036 2.849233
0.204665 -0.404678 -2.004191 2.308718 -1.514448 0.817776
1.060777 -0.495886 -0.690502 2.816115 0.787651 -0.243115
0.970579 -0.112896 -0.005597 1.208426 3.123086 2.576780
-1.567008 0.148530 -0.278260 -2.943945 0.193809 -1.252516
-0.942366 0.097629 0.945122 -2.174166 1.271063 2.534078
2.028593 0.451690 2.289399 -0.112601 -2.056581 -0.061582
-1.627717 -0.032391 0.773514 -0.168423 -0.514779 1.065033
-1.996159 0.534497 -0.904222 1.471762 1.532358 -0.732791
1.037375 0.332029 -0.441425 -1.400068 2.240735 -1.503065
0.791363 0.335209 2.441595 0.389204 0.421784 2.235362
-0.156757 0.553799 2.420778 2.755711 -2.894120 2.452920
1.671115 0.532940 1.531500 2.321059 1.136917 -0.876633
-2.110500 -0.064133 2.040600 -1.197032 1.744326 -1.372776
-0.072842 -0.302224 -1.353231 -1.432931 -0.581163 -0.968658
0.955942 0.230515 0.584862 0.156363 1.892459 -0.353394
-0.373628 -0.010539 1.394185 -0.936710 -1.337990 -3.029150
-2.850854 -0.092463 0.873005 0.720628 -2.438899 -2.554720
0.656243 -0.474236 -2.290300 2.718361 -1.667562 2.481676
-2.479606 -0.566890 -1.144780 -1.157200 -0.336044 -1.875666
-0.889109 0.338773 0.090902 2.247195 0.385346 0.607994
-3.026618 0.489580 -0.518715 0.282961 -2.477128 -2.830242
-1.008596 -0.203256 -1.636795 2.357195 -2.435393 -1.167473
-0.357160 -0.480666 0.537289 0.419122 -2.149474 -2.067070
-2.801585 0.151573 -2.038144 -2.145438 -2.786380 -1.907535
2.871056 -0.010973 1.325065 0.793213 -0.064608 -1.292340
-2.956713 0.344509 1.580960 -0.488196 -1.791604 -3.007043
-0.116876 -0.141852 1.333620 1.782132 1.355702 -0.338460
2.898529 0.287787 -2.233283 1.143485 3.130611 -2.449884
-0.603109 -0.188977 -1.144738 -2.354024 -1.388837 2.548476
2.963462 -0.466021 -0.928140 1.149564 1.476421 -2.899064
-0.831709 0.109362 1.903020 1.035594 -2.959393 -2.691420
-2.299473 -0.569342 -0.929188 -0.998717 0.098510 -0.485108
-0.149708 -0.016022 -0.208504 -3.062453 2.808206 0.732828
-0.078520 -0.566631 -2.218901 2.951161 2.710170 0.360274
-2.271931 -0.073898 0.202184 -0.476416 2.640886 0.506264
1.767377 0.428843 0.955015 0.895425 0.152659 -2.375066
1.716568 -0.120716 0.483288 2.173242 -1.320696 -1.232716
1.608167 0.529359 1.980868 -2.987613 2.588888 -1.239581
1.921200 0.421908 0.639581 -1.498090 -0.068202 3.008347
0.825841 0.479237 -1.076363 2.001914 2.618538 -1.023392
-1.018487 0.288237 2.512610 1.902567 1.193731 -1.060946
1.480572 0.159818 -2.203180 -2.498871 2.293075 2.536261
3.093876 0.129249 0.233313 -2.186832 2.395772 0.447703
0.320020 -0.445503 2.220186 0.418418 2.218219 -0.137544
-1.937642 0.005156 2.133875 0.860288 -1.815705 2.402069
1.865568 0.113393 1.843425 2.269635 0.594279 -1.560490
-0.046907 0.273630 -1.196152 2.273147 1.688797 2.759316
2.575579 0.455949 -2.221522 -2.792938 2.273708 -1.401795
0.866560 0.227985 1.542297 2.072251 -2.768302 0.177893
0.479253 0.342084 0.014624 0.443720 2.179274 2.439289
2.950398 0.143540 1.079191 2.535057 -1.174278 0.898781
-2.065021 -0.385209 -0.186937 1.627658 2.299560 -0.683172
0.240872 -0.416410 2.491398 -2.289716 -3.023302 -0.310233
0.723166 0.246287 -1.981995 -1.572133 -2.652297 2.347974
-1.733640 0.251361 0.002722 2.706202 -2.448188 1.189080
2.142506 0.531717 1.925533 -1.807704 -1.933197 -2.969475
0.725958 0.536061 -1.095561 1.041925 1.637642 1.316083
-0.658313 -0.483273 -0.488291 -2.734011 1.284515 1.463137
1.494362 -0.320953 1.527593 0.508591 1.186053 0.622043
-2.073560 -0.294557 1.170857 0.349278 -1.603017 2.201170
1.858656 0.017355 -0.095736 2.161525 -2.722601 -2.759885
-0.689868 -0.123961 -0.911840 -1.253918 -1.075800 -3.068657
-0.038242 -0.573616 1.584213 -2.400271 2.195171 2.907969
-1.603688 -0.047503 2.353796 -2.501910 2.624475 -0.735599
-0.740418 -0.320743 -0.509439 -1.514471 -1.738427 1.891558
2.210428 -0.041747 1.422033 0.184190 -1.578285 2.442877
-2.562979 0.294596 0.906542 -0.997779 -0.857314 -0.938733
1.572427 0.344269 -1.715170 -0.241681 -2.068866 -0.284960
-0.180843 0.396989 1.325057 2.597906 -2.999323 0.764563
2.636777 -0.265338 -1.143241 -1.281899 -1.415618 -2.170639
2.021993 -0.462367 -0.984072 -2.529998 3.019496 -2.345609
2.824772 -0.319505 -2.112160 0.980003 -1.797244 -2.017867
-1.434012 0.564986 -0.434172 -2.210673 0.082816 0.478852
0.957673 0.081927 -1.252871 -2.526543 -0.475145 -0.060713
-1.519181 -0.015779 -1.336579 -1.628136 -2.361934 0.414920
2.002515 -0.407074 -0.258042 -1.061652 2.297792 -0.894691
1.252727 -0.146000 -0.109944 2.579116 -2.288107 2.880371
2.687619 0.286450 -1.708825 1.018112 2.345848 -0.880423
-0.029792 -0.494998 0.715593 1.223297 1.693209 -0.925076
2.894340 -0.520856 1.796259 1.496699 -0.282416 0.560561
-3.002396 0.410145 -1.283516 -0.947759 -2.040801 -0.839233
2.673430 -0.061954 1.454315 -1.389417 2.977664 0.095990
2.040514 -0.085312 0.469658 1.198545 -2.910871 2.151290
-0.961219 0.373433 1.575047 -1.070812 -2.411786 -1.121486
-0.691013 0.345742 1.269075 -2.538360 -1.053698 0.176952
-2.211637 0.113265 1.487668 1.609324 2.130252 2.765554
2.325603 -0.302719 0.268781 -2.712468 2.454493 -2.402550
1.881340 -0.024242 1.670326 -2.984733 2.305835 2.099746
0.969402 -0.114812 -0.337883 1.439510 2.820671 1.222113
-1.295320 -0.500996 0.093328 1.379504 0.279214 3.037293
-1.856767 0.454603 1.654754 0.229174 -1.267065 -2.000618
-2.663866 0.487212 -1.172944 2.703860 3.130589 0.178103
1.604838 -0.354796 -0.649374 0.435475 -2.548984 -1.216169
1.293182 -0.218755 2.472637 1.463162 1.691020 0.089206
-1.777728 -0.090549 2.477113 0.025901 1.084288 -2.341305
-1.385772 -0.319781 0.254694 -1.570216 2.554705 -1.016353
-0.698705 0.187136 0.863704 2.116912 1.565301 -0.569892
2.852092 -0.200978 0.047658 -1.229154 -1.713058 2.335269
-0.595593 -0.185412 1.989598 1.997751 -2.513652 1.775388
-0.083635 0.501334 -1.849904 1.382990 1.551272 -0.560465
1.732120 -0.054709 0.266695 2.597248 2.169836 -0.030104
-0.573677 -0.552926 -1.262575 -0.474890 1.616898 1.638735
2.502598 -0.085935 0.894046 -1.830831 -0.324205 -1.017278
-2.870566 0.500832 1.536965 0.024629 -1.451497 -0.418878
-0.116961 0.166598 -0.543838 1.328030 -0.428994 -1.686690
2.601929 0.041751 -0.965077 2.509165 2.263532 -0.514738
-1.355916 -0.573627 1.539408 1.396833 -0.929572 -1.064875
1.226377 0.014868 -0.719539 1.265105 1.827385 -1.842612
-3.110403 -0.073971 0.666543 -1.780001 -2.632630 1.823613
-0.974292 -0.268176 -1.915578 -1.621501 -2.001718 0.468311
2.744932 0.307989 1.747789 -0.241570 1.925074 -1.417038
-0.147522 0.473491 -1.902526 -2.997298 0.219690 -1.420694
0.536559 -0.082953 -1.367389 -1.858247 -1.351022 1.789636
-1.450668 -0.344493 0.392642 2.837990 -1.115464 -3.127011
2.625822 0.204720 1.953903 1.685036 1.284440 2.075909
1.858264 0.436488 1.965062 1.659479 -3.021695 1.754171
-1.250374 -0.363856 -1.914974 -0.912003 3.132103 -2.780403
1.579690 -0.246547 -0.614099 0.979327 2.392077 0.843819
0.413141 0.275950 -1.936976 0.437841 -0.679365 -1.801353
1.120982 -0.129688 1.956488 0.349760 1.095881 2.464896
2.917054 0.563312 0.686198 1.763713 -1.756393 1.038126
-0.804538 -0.418808 0.255704 -1.130571 0.596866 0.273381
-2.768879 -0.019970 1.698522 -1.226389 0.925488 -1.194485
2.533785 0.012341 -0.360103 -2.110071 -0.369004 0.155865
-1.493610 -0.077862 -2.403432 -0.446375 -1.965844 0.643488
1.222390 0.352303 1.146803 0.058566 -0.609462 -1.711132
0.772266 -0.569494 1.699839 3.132445 1.781518 2.435716
-0.429993 0.368316 2.031761 -3.088205 -1.699336 -1.971010
-2.500263 0.334081 -2.389984 -0.444853 -2.433740 -2.606694
2.954218 -0.507592 1.175498 1.626344 -0.747802 -1.566867
-2.706011 0.408079 1.345666 0.598192 -2.235137 0.451497
-1.137710 0.412857 2.072329 -2.951274 -1.353818 2.736030
-0.173806 0.524827 -1.178548 0.815534 -0.218283 0.969204
2.830134 0.134159 -0.799653 -2.167903 2.890914 -2.542064
1.685103 -0.439946 2.316886 1.481857 2.602776 1.500593
2.955828 0.112618 -1.714018 0.697580 2.829898 -2.994936
-2.907242 -0.512260 1.390557 2.891515 -1.177498 -1.773629
-0.336305 -0.053172 -0.713793 3.115438 1.114251 -1.386528
0.886693 0.080441 -1.854618 2.855794 0.677351 2.773900
-1.510446 0.505857 1.728630 1.244845 1.112629 -1.673834
-1.342529 -0.080757 0.324508 -0.422451 1.896021 1.860149
-2.495120 0.442043 -1.773403 -2.623514 0.144451 0.612417
-2.971034 0.271106 -1.902418 -2.244758 0.295686 -0.550902
1.604942 0.269719 -1.047338 -0.634367 -2.993479 0.679396
-0.820684 0.194796 0.003027 2.541768 1.776395 -2.073915
-2.531437 0.245779 0.662567 2.281558 0.411355 -2.465846
-2.591005 -0.437404 2.094299 -2.407579 0.742384 -3.017282
-1.171592 0.193050 -1.111483 -3.064004 2.689616 0.314439
2.485133 0.293104 -1.085277 -2.839957 1.033365 -2.047590
-0.497544 -0.240917 -2.212861 1.621682 -2.079174 2.636451
-1.057603 -0.061363 2.396513 -1.269426 2.416515 -1.558512
2.219162 0.339336 1.239663 -1.202045 -0.570420 2.081021
1.818402 -0.525600 -2.077788 -3.022657 1.698640 2.978691
1.985293 0.142652 -2.142137 -0.075001 2.449491 -1.274001
2.889477 0.516840 -1.712196 1.071350 2.577288 2.895104
-0.150418 -0.015750 1.884211 1.490731 -2.688313 -0.856989
1.227992 -0.430399 -2.319138 0.077856 -2.574365 1.676067
-0.943309 -0.367311 -2.107567 2.591980 -0.303567 -0.430932
-1.063695 -0.334602 -0.901284 -0.596314 1.626840 -0.228397
1.476367 0.087133 0.917805 -1.498161 0.196418 -0.782309
3.102155 -0.505408 2.397724 2.155683 -1.055647 2.865219
-2.346533 -0.491350 -1.437410 -1.335033 -1.915897 -2.207709
0.320331 -0.478913 1.675192 0.948689 3.013525 1.203774
2.306210 0.035805 0.709884 3.024663 0.439621 -3.113786
1.310996 -0.486154 0.796787 0.653658 -0.972486 -2.594955
0.932616 -0.037274 2.355287 2.465856 0.906273 -0.740592
3.021641 -0.206593 1.956570 1.172321 -2.453951 0.662120
0.432199 -0.363150 1.653431 -2.926777 2.367625 -0.301086
0.622902 0.424940 2.241646 2.994820 -3.049176 1.746060
-0.639732 0.256945 -2.005629 0.909141 2.709976 0.378888
-2.123370 -0.170955 0.518240 3.019223 1.784675 -1.408877
-0.517861 -0.200882 1.424758 -1.209986 2.407907 -0.986094
1.365465 -0.263990 -1.031094 2.465419 -1.321148 -2.345133
2.270959 0.249589 -0.671484 2.510787 0.042616 -2.097904
3.110703 -0.154701 1.107055 1.488375 0.128259 -2.905011
0.112356 0.030994 1.007831 -1.225108 3.111517 0.262310
1.962097 0.525424 1.513746 -0.795667 0.683676 1.600614
-0.054645 0.332190 0.015772 1.603776 3.027165 -2.212337
-1.535944 -0.379930 -1.289592 3.104795 0.528682 1.200708
2.030991 -0.049092 0.590628 -1.654212 -0.459704 -2.471616
3.074303 -0.293847 0.092326 -0.282832 0.958352 2.667219
1.344628 0.044080 0.214900 -0.842756 1.204801 1.975443
2.267374 -0.172442 -0.906525 -1.714973 -1.822559 1.869063
-0.267978 -0.030179 -2.191621 3.014126 -1.212235 -0.115824
-2.395997 -0.202487 2.217682 2.213544 -2.744466 2.016371
2.414044 0.504442 -2.018369 2.703763 0.688812 1.641387
-1.314180 0.227509 1.206862 1.492608 1.303607 2.913819
0.180294 0.020176 -1.693312 -1.732041 0.974912 2.042155
0.876148 -0.090568 0.214779 -0.316618 -1.294475 -2.593232
2.089245 -0.332522 -0.007657 2.169782 -0.789063 -1.253287
-1.127615 0.447205 -0.617467 2.459324 2.177566 -1.483555
1.456378 0.293631 -0.188593 -2.308704 0.466401 -0.144377
1.532770 -0.388734 -1.496310 1.443984 1.254861 2.958907
1.662463 0.383371 -0.516160 -1.676431 3.133643 -2.315047
0.381956 0.262678 -0.272410 -1.439730 0.409441 -0.020951
-2.304045 0.106948 -0.056999 0.186484 -2.438057 -1.612794
1.118590 -0.564820 1.866854 -0.523880 -2.402000 -1.852850
-2.341240 -0.348676 0.007924 1.140756 -2.203651 -2.754528
2.576570 0.301009 2.214402 2.813157 1.969712 0.921077
2.062122 0.354240 0.130784 1.055099 -1.901296 -1.657935
-0.358283 0.286907 0.815441 1.687232 -1.107404 0.055692
-2.179104 0.001139 -1.277601 -1.374847 1.360906 2.775132
1.900529 -0.473497 -0.613470 0.952106 2.698942 2.513551
2.895227 -0.497052 2.399608 0.930745 0.631767 -0.348224
-1.588865 0.198014 2.414159 0.002308 -1.212468 -2.525129
2.347143 -0.030827 1.800278 -1.506737 -1.244485 -2.052951
1.562957 -0.249972 0.643533 -2.197070 2.153766 -0.424529
-1.814179 -0.335025 2.439679 0.979601 -3.008862 1.846752
-1.856335 0.428961 -1.241863 -2.322756 0.404513 -0.469220
-3.001351 -0.408336 -0.873242 1.836003 1.797730 -3.085954
0.437478 -0.572053 1.697179 -0.499570 -1.092262 1.695415
-1.288078 0.357640 1.591407 1.759908 -0.067649 0.408822
0.011382 -0.456694 1.690735 2.248795 2.199936 0.770850
1.366377 -0.023439 -0.406658 2.721002 -2.801554 0.520911
2.831972 -0.356694 -1.715615 -2.481764 1.254342 3.004986
3.132180 0.277227 2.440514 1.850967 -0.138749 -2.713323
0.238116 0.114095 -0.085101 -2.949532 0.871456 -1.607573
-0.051247 -0.330454 2.079181 -1.518374 0.181179 2.075938
1.309663 -0.041286 -1.668631 -0.556899 -2.776715 -1.457035
-0.390666 0.021499 0.696006 2.000496 -2.036800 -1.552728
0.214540 0.473755 -0.385040 -0.682569 0.555431 -1.752158
2.503599 -0.082480 1.025612 0.672351 3.065538 1.509606
2.824043 0.289901 0.865057 0.267839 1.942161 0.709390
-0.272424 0.396644 -1.952209 0.566893 1.890600 -1.533444
-1.396522 -0.278066 -1.167946 -2.972814 -3.138545 1.210490
-2.512137 0.444765 -2.202962 0.427936 -0.964992 -0.357304
-0.564273 0.100376 1.656830 -1.850499 -2.838706 1.064050
-2.035030 -0.082152 1.249904 2.036325 1.358437 -0.110222
-0.684605 -0.170553 2.112512 -3.124778 2.246805 -0.385191
1.472793 -0.527443 0.458984 -2.208642 2.362988 2.539147
1.103480 0.413023 0.083317 -3.067794 0.345850 2.722313
-2.245282 0.464635 -1.337767 -1.476101 -2.148657 1.578465
2.985958 0.380261 0.761220 -1.784373 0.144943 0.338420
0.316571 0.331663 -2.477667 2.517349 -1.579899 2.056524
-2.001533 -0.489835 -0.621863 0.419712 2.499393 0.298105
-1.335928 -0.189623 2.108537 0.890709 -1.067676 1.360850
2.998485 -0.438690 0.960387 -2.561640 -0.741191 -2.615059
-0.051703 -0.070187 1.578223 -3.002064 0.762015 2.611945
-2.710927 -0.516934 -0.641005 -0.377137 0.273076 -0.338164
-0.410093 -0.130620 0.073361 -1.095425 -1.235116 1.058326
-0.701438 -0.430978 -1.850749 3.080779 2.269703 1.800085
-2.434590 0.255664 -1.791948 1.026296 2.740386 2.205377
0.590487 0.018299 2.230060 -1.461263 -2.290854 0.704652
2.065584 0.152373 1.527783 -0.403425 -1.985301 0.628659
1.486504 -0.240176 0.846925 0.471092 -1.807921 1.878131
0.902592 -0.300251 -0.972692 -2.386059 2.319099 -0.581195
1.529728 0.163559 -0.379518 -2.567299 -1.951780 1.771923
-0.171893 0.355970 -2.388276 -0.310408 -1.072562 -1.659995
-1.813630 -0.075805 0.621886 -0.473365 0.979412 2.931747
-1.415978 -0.461787 2.045037 -1.026404 -0.752125 1.247267
-1.365150 0.523637 -0.423068 -2.083999 1.068254 0.050340
2.799146 0.042999 0.196922 -2.340708 -0.842403 -0.340092
-1.752178 -0.504314 -0.919570 2.701084 3.004330 2.343895
0.657482 0.370831 1.219972 2.580187 -2.157660 2.802365
-2.252921 0.391247 1.207771 -2.257885 -1.334862 -2.035908
1.635185 0.208159 0.322634 2.500642 -2.976294 -0.962043
2.453904 -0.243690 -1.655543 -1.882855 -1.283708 -0.954298
2.236733 0.296713 -1.094340 2.789335 -0.765795 -2.802725
-2.093621 0.094000 2.372752 -0.199813 -2.388209 1.458549
-0.106778 0.499061 2.125459 1.654355 -0.335302 -1.602987
-0.933238 -0.043968 1.541389 -0.336564 -2.169410 -0.614691
-1.636202 0.378256 -1.707297 1.249827 -0.472916 -1.773171
-2.409925 0.108775 2.277084 -1.643384 2.180326 -0.765062
-0.728285 0.496643 1.544267 -2.864435 -2.643588 0.455654
2.727180 -0.249015 1.033482 -0.300475 2.955662 -2.096678
0.311147 0.473954 -2.057962 -1.025104 -0.940856 -0.969584
-2.097117 -0.133495 -2.157066 -0.536270 -1.829075 2.186986
-0.651752 0.167169 -0.421109 1.379847 -1.382540 2.340071
-0.997666 0.055256 2.086836 2.524918 -2.059108 -2.672228
2.286659 -0.496096 1.503331 -0.735883 -3.098859 0.336374
2.340149 0.096999 0.635959 -1.519130 1.965848 -0.855106
2.973531 -0.189527 1.320056 -1.272360 0.836568 -0.353591
-1.081646 0.182327 0.529608 -0.659426 0.949666 -2.236652
-1.796426 -0.014610 1.312816 -2.612026 0.977801 0.448944
-2.474849 -0.342818 1.936096 0.859616 -3.065561 -2.514632
0.730317 0.537290 0.993055 1.516767 1.275069 -1.698458
-2.522507 -0.420959 2.449193 -3.097561 -0.047788 -2.378209
2.083063 -0.461141 2.150972 0.067190 -2.608671 -3.102840
-0.565385 -0.244505 -0.845053 2.870286 -3.093854 -0.580510
0.123156 -0.445046 -2.189502 2.048502 -0.283261 -0.075083
0.313629 0.442574 -1.007673 0.958922 -1.987349 0.417786
0.894628 0.210588 -0.445171 -2.867712 -1.998548 -0.443097
-2.563001 -0.523657 1.234537 -0.272216 -2.284826 -1.289588
-1.945912 0.040903 1.213241 -1.691518 -2.334917 0.158144
-0.597236 -0.557475 1.768295 2.826711 -1.902940 1.992742
-2.856015 -0.445058 2.415224 0.706215 -2.811862 0.313481
0.212809 -0.109776 0.879357 0.258898 0.139915 1.343530
1.433872 -0.432206 -2.160427 -1.157367 2.889241 -0.296578
-0.231519 -0.010954 -0.781942 -1.255836 -0.582075 -1.269768
0.192241 -0.366745 -2.126945 0.823640 2.024673 -1.416664
1.273620 0.428788 2.165264 0.342919 -0.080899 -1.809889
-2.506213 0.362397 -1.669478 -2.588505 0.928099 2.892294
1.790557 0.045781 -2.133073 3.127906 -0.227663 3.130859
0.462621 -0.211113 -1.312688 -2.759692 2.405517 -2.560073
1.966815 -0.041025 1.365069 1.710388 -0.933015 -1.501648
-1.960319 0.549344 -0.966373 -2.072658 2.845594 0.775920
-2.283197 -0.349269 -1.174123 0.243034 -1.931083 1.741572
1.185389 0.491768 1.843072 0.766198 1.914264 2.580127
-0.949723 0.527226 2.482118 2.737221 -0.598137 -0.397276
2.987902 -0.231644 2.300348 1.244117 -0.839763 -0.717219
-2.222822 -0.213581 -1.669942 -1.671289 2.670106 -1.833658
-2.317832 -0.231062 0.901800 -0.598901 -0.434606 1.175060
1.387700 -0.248911 -0.582591 -1.672624 -1.986662 -2.953331
0.010172 -0.249001 -1.355635 -1.143448 -1.098896 -1.482623
-2.298206 -0.287776 -1.044009 2.573184 -2.652926 -1.709882
-2.243882 0.281812 1.114689 2.456601 1.046035 0.522530
-2.910831 -0.232350 -1.430432 0.981911 0.802773 -1.926808
0.946550 0.133984 -1.845724 -0.162167 -2.633320 2.529943
-1.272370 -0.183003 -0.730320 -2.803602 0.590001 -3.133671
-3.016530 -0.484230 -0.290529 -1.616145 -2.568132 -0.730413
0.799718 0.192870 -0.619285 0.785371 2.532438 0.400346
-0.818498 0.552220 -0.057337 -1.919342 0.934744 -2.020448
1.921515 0.254749 -0.305404 -2.518386 1.142288 -1.393086
-0.861875 0.155172 2.482930 -2.027307 1.982786 -1.351874
-2.986053 0.267490 0.024149 2.127538 -2.977715 -1.216548
0.349063 -0.349348 -1.897024 -0.301359 -2.790713 2.368997
0.094948 0.374989 -2.352113 2.133746 -2.536076 0.017402
-1.812403 0.103450 -1.847530 1.463395 1.260072 -2.073400
1.118334 -0.397444 2.392090 2.713891 -1.606956 0.147077
-2.448857 0.078296 -0.565419 1.299277 -2.097875 -0.378662
1.334513 -0.400657 -0.664846 -0.498649 -1.784016 1.098995
1.758434 -0.166958 0.112784 0.862510 -2.711693 1.074953
-0.273255 -0.033510 -0.889679 0.699853 1.539634 1.191967
-0.051536 -0.381652 -0.864024 -1.276484 2.349964 -2.950304
-2.003193 0.004202 0.811866 0.204483 1.036602 -0.919973
-2.913193 -0.366987 -2.505025 1.899738 2.277751 -0.140141
1.561248 -0.085232 0.014241 0.791505 2.322603 2.149661
-1.428374 0.238635 -1.116031 2.776023 3.036800 1.932601
-0.602785 0.241552 0.655528 1.594023 -0.130118 -0.381119
-1.030815 0.361457 -0.357828 1.337129 -1.513703 1.489401
-0.158550 0.502101 1.651380 1.365487 -1.470618 1.055685
0.587083 0.198357 -0.313983 1.359855 1.613914 -1.812385
0.534531 -0.469327 2.339580 2.473136 -1.842196 1.594057
-1.333642 0.230836 -0.924210 -1.782696 -2.640672 -1.543878
0.603480 -0.216254 -1.104140 -0.850790 2.044200 -1.176578
2.308829 0.494884 0.404282 -0.071507 0.824279 -2.488351
0.768727 -0.469135 0.033226 -3.067118 0.791892 0.880058
-0.741774 0.040460 0.464931 2.955716 3.019258 2.856773
2.574240 0.074382 -2.348682 -0.145875 0.146048 2.597385
0.957064 -0.373647 -0.034846 -0.839671 1.779312 -1.817344
-2.732781 0.361014 2.160008 0.246997 -2.469982 1.892772
0.679240 0.368167 -1.902220 -1.373634 2.552727 -1.156592
-1.602741 -0.145063 -1.451124 2.435646 -0.878579 -0.572513
2.322481 -0.267462 2.505862 -1.368073 0.446587 1.029656
1.828134 0.393422 1.886274 -0.825360 1.209968 -1.447149
1.286806 -0.320002 0.542885 -0.876244 -2.860338 3.006851
-2.455764 0.373298 0.146559 2.151616 -2.002199 -2.618942
-1.735253 0.326448 -1.432985 0.855414 2.297557 -2.775228
-0.017472 0.440946 2.474934 -2.121733 -0.223822 -1.584988
0.840928 -0.101113 -0.791175 1.919593 0.762935 -0.968534
-0.635402 0.564339 -2.380597 -2.785320 -1.180209 -0.822619
-0.635689 0.338684 2.120363 -2.477447 -1.990366 -0.163179
-1.512972 0.222421 2.058616 -0.912046 -1.252981 -1.060391
2.966097 0.496418 -1.500381 -1.243806 -1.894278 -1.737937
1.614640 0.408179 0.217078 -2.493107 -2.743308 -2.819259
-1.628360 -0.081506 -0.070725 -1.312148 2.944471 1.544162
-0.350330 -0.415479 -0.801565 -2.276619 0.299358 2.051584
0.608006 -0.534417 -0.146590 -2.948581 1.858673 2.905952
2.212982 0.213505 -0.463389 2.625293 -1.754154 2.815604
2.335991 0.158507 1.124949 -0.497506 -0.242196 -0.455372
-1.411453 0.347801 1.364191 0.680222 -1.239326 -1.143595
-1.356445 0.553077 -2.130543 0.751288 -2.794765 -1.502168
3.014640 0.276947 -0.857342 -1.701515 2.619775 0.520530
0.759261 -0.338607 -1.724874 -2.784055 2.370172 -2.435173
-3.125810 0.380346 -1.656931 -0.758695 -2.704604 1.686729
-1.244985 -0.457252 -2.189413 -0.199288 2.122595 -1.048465
-0.269524 0.373837 -0.558942 -0.994574 -0.922990 -2.363085
1.052711 0.216981 0.741964 2.020603 -2.714221 2.098825
-1.183444 0.553340 -0.855461 -1.524013 -3.062460 -1.998530
2.303906 -0.207511 -0.380010 2.945587 -0.801904 -0.026918
2.869145 -0.291621 -2.400903 3.033602 0.049119 -2.625064
-1.349966 0.159233 1.270256 -1.224192 -0.442217 0.541653
-1.650004 -0.152428 1.684587 -1.696996 1.561129 -1.495556
1.096832 -0.529697 0.400686 2.131005 2.518655 -1.425826
0.846497 -0.532062 -1.791754 -1.800860 0.956099 0.822817
-0.378728 0.507628 0.565031 0.194368 2.327388 -2.210606
1.300426 -0.160012 1.920403 2.745644 1.440805 -2.040091
1.893780 0.551623 1.854193 2.404103 -2.493905 0.466435
-0.931847 -0.252787 -1.788092 -3.127928 -1.556650 2.660501
2.330630 0.455319 -1.376972 -2.235707 1.562159 -2.296949
-1.521006 -0.490193 -0.376914 2.810779 1.287117 3.010051
0.026717 0.395495 -0.090629 -2.850399 2.960929 2.182020
-2.564287 0.461496 -0.707787 1.841380 -2.843031 1.856348
0.267621 0.448839 -1.343731 2.272779 2.812542 -2.620353
-0.322005 0.408699 1.313918 -2.124026 -2.961660 2.743536
-2.478071 0.517657 1.461019 -2.094077 -2.411731 3.061233
0.539733 0.370015 -0.189171 -0.066895 2.677657 0.965658
0.524459 -0.544621 -2.307131 0.616768 0.914508 -0.547012
0.966636 0.472432 -0.760479 -1.336786 -1.092864 -2.027775
1.423825 0.500397 -0.109776 2.041727 1.095470 1.011054
1.490959 0.498999 2.371625 0.980010 2.769161 -2.337268
0.297081 -0.029764 -0.391837 0.661023 2.201171 -3.126834
-2.885172 0.238950 2.361593 1.344961 -1.621791 -2.016108
-2.036034 -0.064322 -2.368444 2.336341 3.120205 -0.416755
-1.595065 0.250442 1.817338 0.869265 -0.522198 -0.569598
0.891601 -0.385118 -1.131770 -0.463459 -1.945895 -1.591923
-2.748422 -0.205278 2.257808 2.326630 -1.877482 3.017450
0.613990 -0.286054 1.122282 -2.965783 -3.084132 2.755763
0.225374 0.481937 -1.862970 -2.930803 2.934678 1.047560
-1.344011 -0.147458 -0.723050 2.606660 1.272045 -1.031026
-2.377243 -0.014962 1.078494 -0.396902 1.482021 -2.205521
-0.791123 0.243061 -0.860348 -2.463442 2.913426 -1.665949
2.986420 -0.264136 2.399411 -0.200896 -2.467686 1.714630
1.986938 0.449727 0.684633 -1.485394 -0.547884 -0.655125
-1.078760 0.242714 1.153167 -0.725061 0.125702 -0.775231
-1.717558 -0.437484 1.182914 -2.555580 1.606541 2.539376
-2.726641 -0.314565 0.002932 -0.487808 -2.028239 0.944295
1.596389 0.309786 -1.868416 -1.941773 1.205368 -0.508993
1.249832 -0.335462 -0.723458 -0.989201 -2.845512 -0.274200
1.544053 0.190209 -0.971625 -1.177771 2.289598 -0.195069
0.347825 -0.503966 1.042914 -1.411749 3.068238 -0.251119
-2.018216 0.574873 -0.599090 2.548136 -0.669046 -0.555391
-0.237126 0.280644 -1.892153 -3.130418 2.047580 1.426640
0.342567 0.449356 0.600123 1.687078 -2.945770 -0.954448
-0.383924 -0.039487 -0.589173 -0.426072 0.929713 -0.312356
-0.054149 0.275510 -1.727982 -2.513552 2.901978 -0.639464
-0.253175 -0.397567 0.823569 -0.674825 -2.037945 2.276773
3.063005 0.013703 -0.622400 2.978423 -2.336700 -0.339554
2.287513 0.064358 0.930064 2.470898 0.112878 -3.038936
2.343420 -0.163205 -2.099768 0.234276 1.326923 1.468660
2.286438 -0.283347 -0.398067 1.893366 1.740620 -0.778356
1.765849 -0.517889 2.335871 2.547892 -3.008135 -0.478563
-1.390489 -0.510725 0.897162 1.280889 -2.674606 0.204477
-2.127868 0.356463 -0.385758 2.837435 -0.540957 2.337756
2.239011 -0.281187 1.152296 -0.742241 -2.689040 -1.489931
1.600605 -0.483928 -0.942041 -2.484697 2.680589 0.099476
-1.786298 -0.100859 -2.221460 -1.177876 1.747447 0.404009
-2.726590 -0.410261 1.523585 2.505945 -1.263414 0.814303
-1.682500 0.310331 -1.503471 1.818917 2.963236 -2.077985
1.228849 0.538873 1.768803 2.693617 -1.294550 -2.862393
1.358457 -0.567612 -0.962593 1.401700 -1.524704 -1.401464
-2.434383 0.350893 -1.572619 -2.503705 0.315377 -0.556996
0.447119 0.425176 0.861065 -2.214115 2.759207 1.542681
2.934722 -0.525027 -0.695820 1.170902 2.864870 -1.375208
2.798714 -0.278331 -0.162832 0.530615 2.630487 2.158077
2.736458 -0.461883 2.025849 -1.829385 0.929420 -2.936863
1.510217 0.088653 -0.051836 1.583222 -0.700686 2.082081
2.305724 0.072981 2.020904 2.084738 -0.592242 -1.028844
2.277664 -0.071406 -0.863527 -1.435774 -0.391857 -1.691089
1.584603 -0.461259 0.343053 1.801695 -2.523035 2.471283
-1.426657 -0.024121 -1.174925 -0.710640 -2.763142 2.563569
-0.782257 -0.366182 -2.142660 0.088469 -1.874006 -1.129077
-2.029491 0.167568 0.147285 2.659126 -2.419160 2.478157
-3.035552 -0.361025 1.389265 2.672797 1.171666 -1.584523
1.225513 0.129706 2.277877 -1.224908 -0.450075 1.191276
2.024861 -0.093138 1.478455 2.125987 -0.225614 -0.486516
2.017893 0.522113 2.449610 2.698444 2.799156 -2.063981
-1.452319 -0.057803 -0.291059 1.336882 -0.784675 1.214806
-1.154690 0.008928 0.397943 2.371636 1.472435 0.155348
-0.177082 0.157641 -0.812972 1.424749 2.009925 -0.605231
2.140953 0.280106 -0.539407 1.496337 -1.434612 -2.206443
2.128930 0.110077 -2.020866 -2.177731 3.058862 1.843634
1.161376 0.575926 1.491742 0.292881 2.708732 -0.011873
-0.733162 -0.219159 1.680279 -0.701493 -0.394750 -0.059670
1.809447 -0.258715 -0.463685 2.924946 -2.503615 -2.033108
1.454676 -0.119387 2.439049 2.438783 -2.493213 -1.227365
0.897542 -0.020522 1.997401 0.402345 -0.956946 1.490405
0.992415 0.278545 -2.062479 -1.179742 0.278028 2.736748
1.002404 -0.114054 1.588396 2.560016 -2.394634 2.134965
-0.092546 -0.329421 0.512998 -0.167534 -1.269066 -1.731859
-2.801773 -0.171167 -1.393409 -0.093216 0.709488 -2.612244
3.052085 -0.561411 1.164429 -3.047868 -2.892788 -0.727840
3.136592 0.450129 1.723083 -1.461905 -3.044265 -0.257186
1.313458 -0.192579 1.034902 -2.287785 1.326150 -1.373555
-0.803866 -0.564649 -1.255850 0.778606 1.285341 0.498220
2.141285 -0.059472 2.347257 0.309487 2.924467 -0.715482
-1.487648 -0.410326 -1.389442 -2.986154 -0.666561 -1.056131
0.994513 0.274968 0.975306 1.482274 0.204326 -1.816044
1.265594 -0.437680 0.185443 2.220610 1.688436 -1.924265
-2.878775 0.096079 1.178720 -0.850886 -0.238112 2.617134
0.190522 -0.498197 -2.376767 2.803942 -1.111677 0.347413
-1.682693 0.568097 -1.983636 -3.116113 -2.809072 -0.016042
0.631357 0.522204 -2.301939 0.755535 2.679106 2.961347
-0.707931 -0.318644 1.986456 3.006534 -2.133479 -2.625411
-1.491613 0.412698 1.428026 0.102339 0.722444 2.953348
1.435769 -0.257887 -2.072739 1.891171 2.611463 0.973292
-2.472522 0.475045 0.095256 -0.631596 -2.256690 0.054485
2.851338 -0.042517 1.357917 1.398707 -0.478040 -0.588132
1.502233 0.342944 -1.234158 -2.653187 2.558801 2.305897
1.770006 0.528225 0.182863 -2.893236 -0.928258 -1.591250
2.088401 -0.347012 -2.286683 3.079224 1.035463 1.907019
3.094522 -0.413155 -0.797235 1.483863 -1.025738 0.618790
2.204001 -0.284831 -2.039905 -2.093142 -0.567748 2.762043
2.998262 0.441221 -1.544306 -1.131038 2.093243 0.057469
-1.875973 -0.027831 -0.949234 -2.007158 -0.292656 -1.105150
-2.565182 -0.403905 -0.470746 -2.278982 0.738400 2.003404
-0.154869 -0.036152 1.368509 -1.337439 -2.519396 1.396838
-2.716054 0.221434 -1.197442 2.812507 -2.179901 -2.066733
-0.738625 -0.307718 -2.194583 2.082203 2.774609 -0.920162
1.278728 -0.478886 1.212203 2.628247 -3.105820 -1.125059
0.971489 -0.007353 -0.395375 2.319698 -2.287024 1.932704
0.509360 -0.102212 -0.343203 1.173400 2.462535 2.902451
2.117153 -0.193227 -1.086020 0.627679 1.810493 2.945670
-2.872089 -0.424116 1.833292 2.471502 -0.129031 -0.880133
0.003452 -0.492364 -0.206929 0.065223 2.359335 -2.386183
2.400236 -0.081365 -1.763885 1.262806 0.934739 -1.283019
-1.596844 -0.514094 -1.846203 -2.271275 2.345042 -0.849061
-2.365746 0.039037 -1.434438 -1.345535 2.134564 2.380031
-0.254369 0.352421 2.379382 -2.647036 -2.038986 2.227324
2.081375 0.267026 1.042329 -2.903005 2.042567 1.576935
-2.882044 -0.160160 -1.095197 2.877676 -2.072242 1.925748
-1.243106 -0.073366 -0.751428 -0.626347 -1.037133 2.024888
-1.566548 -0.453739 1.512137 -0.832925 -2.035367 -0.904508
-0.319662 0.002092 -0.190665 1.628422 1.965926 -0.159891
-0.535352 0.010768 -1.401059 -0.796473 -1.356579 -1.911672
-2.614882 -0.396065 2.238805 0.619496 1.969003 -1.062034
2.269601 0.225289 0.274183 -0.976876 0.175873 -0.399137
2.620039 -0.460775 -0.125382 -0.005247 -1.149757 -2.912657
0.072692 0.391123 2.262748 -1.044496 1.170024 -0.528921
2.696986 -0.056476 0.378288 0.811970 0.161807 -1.755990
