0.000000 0.039000 1.395000 -0.000033 -0.000014 0.000002 -0.000014 0.000000 0.000000 0.980341 -0.288220 0.872460
0.177000 -0.135000 1.369000 -0.727848 0.127596 0.119193 -1.506096 0.231883 1.916028 0.980341 -0.288220 0.872460
0.018000 -0.012000 1.364000 -0.391733 0.220306 -0.451501 -1.367870 0.355622 2.269330 0.980341 -0.288220 0.872460
0.374000 0.008000 1.279000 -0.122487 0.038195 0.409567 0.305636 0.431818 0.479684 0.597688 -0.043818 0.630988
0.137000 0.440000 1.144000 -1.882778 -0.180957 -0.337840 0.361075 -1.501049 -0.440048 0.597688 -0.043818 0.630988
0.356000 0.748000 0.597000 -1.871819 -0.472918 -1.125070 -0.768520 -1.142517 0.722044 0.597688 -0.043818 0.630988
0.163000 0.015000 1.381000 -0.103511 0.045000 0.089794 -0.128289 0.065686 -0.089169 0.746075 0.379595 0.711990
-0.228000 0.165000 0.990000 -0.082817 0.431391 -1.365034 2.030134 1.274380 -1.110956 0.746075 0.379595 0.711990
0.158000 0.303000 0.771000 -2.208064 0.429494 -1.775524 0.981564 -1.108298 0.060991 0.746075 0.379595 0.711990
0.204000 0.686000 0.703000 1.297790 0.415120 0.952774 2.332066 -1.820647 0.547640 0.996742 -0.496829 0.555961
0.119000 -0.272000 0.611000 2.178529 0.442767 -2.420951 -3.027582 -1.509008 -2.292173 0.996742 -0.496829 0.555961
-0.136000 -0.126000 1.104000 -2.280259 -0.095066 0.788671 -1.953845 2.518727 1.060579 0.996742 -0.496829 0.555961
0.005000 0.701000 0.707000 -1.349966 -0.304130 -1.412566 0.959651 1.572270 -0.453083 0.770522 0.156192 0.715349
0.239000 0.143000 1.326000 0.464892 0.000081 0.414187 -0.388276 0.319457 -0.951992 0.770522 0.156192 0.715349
0.343000 0.650000 0.844000 1.079451 0.206657 1.195258 -1.593174 0.365282 -1.948864 0.770522 0.156192 0.715349
-0.022000 0.036000 1.394000 0.083739 -0.032744 0.048986 0.169168 -0.074432 -0.115167 0.858024 -0.054392 0.515061
0.488000 -0.418000 0.840000 -0.940851 0.362896 0.874530 -2.053740 -2.203251 -1.023305 0.858024 -0.054392 0.515061
0.638000 0.005000 0.944000 -0.150159 0.445045 0.591679 -1.001595 -2.133539 -0.964621 0.858024 -0.054392 0.515061
-0.006000 0.039000 1.395000 -0.015799 0.006359 -0.019638 -0.051224 -0.000196 0.062875 0.384527 0.494460 0.623597
-0.348000 0.131000 0.401000 2.763112 0.110053 2.097268 -0.209381 2.091113 -2.608436 0.384527 0.494460 0.623597
-0.287000 -0.445000 1.148000 -2.061625 0.333189 0.276282 -1.428796 1.340600 -1.763177 0.384527 0.494460 0.623597
0.215000 -0.901000 0.781000 1.810559 -0.563584 -0.775565 0.489884 -0.266652 -0.323569 0.841760 -0.484711 0.397705
-0.026000 0.041000 1.394000 0.007419 -0.023556 0.024432 -0.128394 -0.152977 0.021588 0.841760 -0.484711 0.397705
0.296000 -0.402000 0.889000 -0.816314 0.090116 1.196164 -1.395488 2.062843 -0.530474 0.841760 -0.484711 0.397705
0.320000 -0.094000 1.023000 -0.319940 -0.401034 1.448433 -1.630069 0.213674 0.397657 0.696420 -0.063212 0.055281
-0.194000 0.103000 1.362000 -0.358020 -0.030456 -0.312432 0.212540 -0.092796 -0.357517 0.696420 -0.063212 0.055281
0.218000 -0.229000 1.167000 2.332760 0.192639 -1.109891 -0.524582 0.943252 -1.688435 0.696420 -0.063212 0.055281
0.126000 -0.016000 1.362000 -0.114660 0.211114 -0.124478 0.560116 -0.543982 0.045849 0.669715 0.306130 0.098097
-0.155000 -0.379000 1.156000 1.018750 -0.116050 -0.700882 -1.037399 1.501116 -1.456887 0.669715 0.306130 0.098097
0.310000 -0.561000 0.973000 1.937203 -0.356678 -0.563299 -1.678860 1.556477 -2.072160 0.669715 0.306130 0.098097
-0.045000 0.049000 1.388000 -0.032662 -0.092442 0.065392 0.215664 0.229293 0.147142 0.324622 0.158396 0.716041
-0.015000 -0.516000 0.646000 1.683372 -0.138195 -1.869099 0.361806 2.259648 -0.561025 0.324622 0.158396 0.716041
0.351000 -0.302000 1.265000 2.435485 -0.211898 -0.256799 -0.868052 0.344079 0.545268 0.324622 0.158396 0.716041
-0.032000 0.039000 1.394000 -0.000364 -0.011034 0.000411 0.008884 -0.021736 0.027249 0.933682 -0.230435 0.820162
0.100000 -0.090000 1.149000 -1.918224 0.390837 -0.594992 -0.873750 -2.036529 -2.652687 0.933682 -0.230435 0.820162
0.444000 0.224000 0.365000 -2.353580 -0.284170 -2.169937 1.684142 1.840803 -1.662924 0.933682 -0.230435 0.820162
0.164000 -0.421000 1.118000 -1.284054 -0.131780 1.090042 1.389121 -0.007009 -0.987329 0.563244 0.279254 0.060419
-0.227000 -0.636000 1.047000 1.229022 -0.258166 -0.864077 -1.270872 0.610253 0.703608 0.563244 0.279254 0.060419
-0.208000 -0.804000 0.254000 1.302281 -0.602668 -1.584777 -1.573494 -0.385828 2.093205 0.563244 0.279254 0.060419
0.187000 0.151000 1.082000 0.004143 -0.402011 1.285456 -1.202205 -1.217855 1.478761 0.897842 0.031089 0.875327
-0.145000 0.254000 0.553000 2.026683 -0.503704 2.122348 -0.146754 1.176709 0.455432 0.897842 0.031089 0.875327
-0.164000 0.130000 1.350000 -0.696772 0.009829 -0.362831 -1.591450 0.345308 -0.874921 0.897842 0.031089 0.875327
0.366000 -0.712000 0.917000 -0.966094 0.373137 0.677193 -0.859232 0.613482 -0.834533 0.292815 -0.101238 0.556663
0.197000 -0.340000 1.197000 -1.077691 0.102600 0.330404 -0.220578 1.340984 1.323029 0.292815 -0.101238 0.556663
-0.158000 -0.353000 1.070000 -1.995126 0.312963 0.131761 -0.823134 2.737798 0.986144 0.292815 -0.101238 0.556663
0.002000 0.037000 1.394000 0.006307 0.020597 -0.056205 -0.096045 0.105122 0.137253 0.587088 0.456589 0.330554
-0.188000 -0.274000 1.101000 -2.421516 0.427452 -0.293392 -2.479387 -2.729636 2.628971 0.587088 0.456589 0.330554
-0.066000 0.345000 1.062000 -1.472894 0.023202 -0.761729 0.859158 -1.867635 0.414337 0.587088 0.456589 0.330554
0.039000 -0.025000 1.350000 0.532687 0.177795 -0.334387 1.733275 -0.706427 -2.094495 0.226047 0.190636 0.745009
-0.098000 -0.004000 1.376000 0.297821 0.046713 -0.172988 0.334811 -0.367202 -0.080707 0.226047 0.190636 0.745009
-0.136000 -0.051000 1.204000 2.290708 -0.297699 0.584512 -2.299929 -1.593499 2.574810 0.226047 0.190636 0.745009
-0.056000 0.039000 1.393000 0.015652 -0.001689 -0.062684 -0.187388 -0.030114 0.248259 0.485503 -0.279721 0.373042
-0.442000 -0.108000 1.169000 0.568091 -0.143272 -0.452666 -1.097281 -1.335438 0.675750 0.485503 -0.279721 0.373042
-0.095000 -0.529000 0.525000 1.357223 0.027621 -1.907384 0.864770 -0.953006 -1.209701 0.485503 -0.279721 0.373042
-0.330000 -0.917000 0.824000 1.227983 -0.725623 -0.532300 -0.607945 0.262374 1.746478 0.501894 0.372714 0.852013
0.054000 0.003000 1.382000 -1.088179 -0.141527 0.290115 0.623673 0.132231 0.832294 0.501894 0.372714 0.852013
-0.032000 -0.216000 1.263000 -1.984314 -0.258589 0.831202 0.697953 0.251121 1.751029 0.501894 0.372714 0.852013
-0.155000 0.015000 1.384000 0.155825 -0.076404 -0.075315 0.209629 0.092393 -0.145749 0.582421 0.215991 1.005600
0.302000 -0.308000 0.918000 2.518714 0.025597 -1.464012 0.325863 2.065907 0.242608 0.582421 0.215991 1.005600
-0.071000 0.488000 1.037000 -1.229607 0.129002 -1.241384 -1.759342 -0.487032 -2.108383 0.582421 0.215991 1.005600
