0.177000 -0.135000 1.369000 -0.727848 0.127596 0.119193 -1.506096 0.231883 1.916028 0.980341 -0.288220 0.872460
0.018000 -0.012000 1.364000 -0.391733 0.220306 -0.451501 -1.367870 0.355622 2.269330 0.980341 -0.288220 0.872460
0.375000 -0.143000 0.644000 -0.682418 -0.032269 1.965208 1.762049 2.484543 2.772902 0.980341 -0.288220 0.872460
0.137000 0.440000 1.144000 -1.882778 -0.180957 -0.337840 0.361075 -1.501049 -0.440048 0.597688 -0.043818 0.630988
0.356000 0.748000 0.597000 -1.871819 -0.472918 -1.125070 -0.768520 -1.142517 0.722044 0.597688 -0.043818 0.630988
-0.631000 0.244000 0.337000 -0.367594 -0.376745 -1.658191 -3.073408 0.863450 2.680627 0.597688 -0.043818 0.630988
-0.228000 0.165000 0.990000 -0.082817 0.431391 -1.365034 2.030134 1.274380 -1.110956 0.746075 0.379595 0.711990
0.158000 0.303000 0.771000 -2.208064 0.429494 -1.775524 0.981564 -1.108298 0.060991 0.746075 0.379595 0.711990
0.093000 -0.114000 1.162000 -0.462044 0.300816 -0.373889 1.897129 -2.312091 0.675186 0.746075 0.379595 0.711990
0.119000 -0.272000 0.611000 2.178529 0.442767 -2.420951 -3.027582 -1.509008 -2.292173 0.996742 -0.496829 0.555961
-0.136000 -0.126000 1.104000 -2.280259 -0.095066 0.788671 -1.953845 2.518727 1.060579 0.996742 -0.496829 0.555961
0.462000 0.225000 0.841000 -2.574418 -0.231523 -1.182326 0.632866 2.901225 -0.071698 0.996742 -0.496829 0.555961
0.239000 0.143000 1.326000 0.464892 0.000081 0.414187 -0.388276 0.319457 -0.951992 0.770522 0.156192 0.715349
0.343000 0.650000 0.844000 1.079451 0.206657 1.195258 -1.593174 0.365282 -1.948864 0.770522 0.156192 0.715349
0.071000 0.056000 1.261000 1.148368 -0.296294 0.604799 2.293628 -1.040621 -1.564070 0.770522 0.156192 0.715349
0.488000 -0.418000 0.840000 -0.940851 0.362896 0.874530 -2.053740 -2.203251 -1.023305 0.858024 -0.054392 0.515061
0.638000 0.005000 0.944000 -0.150159 0.445045 0.591679 -1.001595 -2.133539 -0.964621 0.858024 -0.054392 0.515061
-0.496000 -0.697000 0.821000 0.918232 -0.475008 -0.770757 0.581745 -0.734481 0.299483 0.858024 -0.054392 0.515061
-0.348000 0.131000 0.401000 2.763112 0.110053 2.097268 -0.209381 2.091113 -2.608436 0.384527 0.494460 0.623597
-0.287000 -0.445000 1.148000 -2.061625 0.333189 0.276282 -1.428796 1.340600 -1.763177 0.384527 0.494460 0.623597
-0.165000 0.055000 1.351000 -0.204247 0.070667 -0.473123 -0.452165 0.353607 -0.938397 0.384527 0.494460 0.623597
-0.026000 0.041000 1.394000 0.007419 -0.023556 0.024432 -0.128394 -0.152977 0.021588 0.841760 -0.484711 0.397705
0.296000 -0.402000 0.889000 -0.816314 0.090116 1.196164 -1.395488 2.062843 -0.530474 0.841760 -0.484711 0.397705
0.314000 -0.444000 0.619000 -0.814720 0.159475 1.714736 -1.718026 1.985828 -0.245265 0.841760 -0.484711 0.397705
-0.194000 0.103000 1.362000 -0.358020 -0.030456 -0.312432 0.212540 -0.092796 -0.357517 0.696420 -0.063212 0.055281
0.218000 -0.229000 1.167000 2.332760 0.192639 -1.109891 -0.524582 0.943252 -1.688435 0.696420 -0.063212 0.055281
0.205000 -0.117000 1.197000 -0.197259 0.443207 -0.532820 1.854891 -1.764278 0.018363 0.696420 -0.063212 0.055281
-0.155000 -0.379000 1.156000 1.018750 -0.116050 -0.700882 -1.037399 1.501116 -1.456887 0.669715 0.306130 0.098097
0.310000 -0.561000 0.973000 1.937203 -0.356678 -0.563299 -1.678860 1.556477 -2.072160 0.669715 0.306130 0.098097
-0.229000 0.195000 1.109000 -0.330619 -0.539472 0.674051 2.206100 2.343526 1.505810 0.669715 0.306130 0.098097
-0.015000 -0.516000 0.646000 1.683372 -0.138195 -1.869099 0.361806 2.259648 -0.561025 0.324622 0.158396 0.716041
0.351000 -0.302000 1.265000 2.435485 -0.211898 -0.256799 -0.868052 0.344079 0.545268 0.324622 0.158396 0.716041
-0.284000 0.276000 0.627000 2.017723 -0.052274 1.882819 -1.544194 -2.422674 2.125789 0.324622 0.158396 0.716041
0.100000 -0.090000 1.149000 -1.918224 0.390837 -0.594992 -0.873750 -2.036529 -2.652687 0.933682 -0.230435 0.820162
0.444000 0.224000 0.365000 -2.353580 -0.284170 -2.169937 1.684142 1.840803 -1.662924 0.933682 -0.230435 0.820162
0.202000 0.018000 1.312000 -2.677651 -0.440083 0.749089 2.682098 0.651899 -1.971616 0.933682 -0.230435 0.820162
-0.227000 -0.636000 1.047000 1.229022 -0.258166 -0.864077 -1.270872 0.610253 0.703608 0.563244 0.279254 0.060419
-0.208000 -0.804000 0.254000 1.302281 -0.602668 -1.584777 -1.573494 -0.385828 2.093205 0.563244 0.279254 0.060419
-0.162000 0.174000 1.154000 -0.475073 -0.215414 0.138352 -0.539889 -2.445279 2.537573 0.563244 0.279254 0.060419
-0.145000 0.254000 0.553000 2.026683 -0.503704 2.122348 -0.146754 1.176709 0.455432 0.897842 0.031089 0.875327
-0.164000 0.130000 1.350000 -0.696772 0.009829 -0.362831 -1.591450 0.345308 -0.874921 0.897842 0.031089 0.875327
-0.626000 -0.425000 0.681000 -2.497008 0.427682 1.378234 -2.387042 1.564347 -2.192537 0.897842 0.031089 0.875327
0.197000 -0.340000 1.197000 -1.077691 0.102600 0.330404 -0.220578 1.340984 1.323029 0.292815 -0.101238 0.556663
-0.158000 -0.353000 1.070000 -1.995126 0.312963 0.131761 -0.823134 2.737798 0.986144 0.292815 -0.101238 0.556663
-0.058000 0.485000 0.652000 -1.431934 -0.178663 -1.621123 -1.669944 2.773932 -2.169291 0.292815 -0.101238 0.556663
-0.188000 -0.274000 1.101000 -2.421516 0.427452 -0.293392 -2.479387 -2.729636 2.628971 0.587088 0.456589 0.330554
-0.066000 0.345000 1.062000 -1.472894 0.023202 -0.761729 0.859158 -1.867635 0.414337 0.587088 0.456589 0.330554
-0.617000 0.093000 1.044000 -0.240928 -0.271974 -0.832384 2.160419 -1.208830 -1.505951 0.587088 0.456589 0.330554
-0.098000 -0.004000 1.376000 0.297821 0.046713 -0.172988 0.334811 -0.367202 -0.080707 0.226047 0.190636 0.745009
-0.136000 -0.051000 1.204000 2.290708 -0.297699 0.584512 -2.299929 -1.593499 2.574810 0.226047 0.190636 0.745009
-0.136000 -0.051000 1.204000 2.290708 -0.297699 0.584512 -2.299929 -1.593499 2.574810 0.226047 0.190636 0.745009
-0.442000 -0.108000 1.169000 0.568091 -0.143272 -0.452666 -1.097281 -1.335438 0.675750 0.485503 -0.279721 0.373042
-0.095000 -0.529000 0.525000 1.357223 0.027621 -1.907384 0.864770 -0.953006 -1.209701 0.485503 -0.279721 0.373042
0.098000 -0.727000 0.581000 1.750163 -0.216261 -1.566188 0.334535 -0.166138 0.394599 0.485503 -0.279721 0.373042
0.054000 0.003000 1.382000 -1.088179 -0.141527 0.290115 0.623673 0.132231 0.832294 0.501894 0.372714 0.852013
-0.032000 -0.216000 1.263000 -1.984314 -0.258589 0.831202 0.697953 0.251121 1.751029 0.501894 0.372714 0.852013
0.353000 -0.685000 0.864000 2.132099 -0.413370 -0.672817 2.914903 1.264908 -1.992858 0.501894 0.372714 0.852013
0.302000 -0.308000 0.918000 2.518714 0.025597 -1.464012 0.325863 2.065907 0.242608 0.582421 0.215991 1.005600
-0.071000 0.488000 1.037000 -1.229607 0.129002 -1.241384 -1.759342 -0.487032 -2.108383 0.582421 0.215991 1.005600
-0.489000 -0.269000 1.212000 -2.615685 0.334315 0.454331 0.904114 -0.662989 -2.118453 0.582421 0.215991 1.005600
